859
13855
_UNK_ 0 -9,803778
- 94 -5,24990082
-- 3 -8,41748335
-boston's 2 -8,70516542
-citadel 1 -9,11063053
-consultant 1 -9,11063053
-denizbank 1 -9,11063053
-emg 1 -9,11063053
-goldman 1 -9,11063053
-week 1 -9,11063053
_HASHTAG_ 1158 -2,74846487
_MENTION_ 250 -4,27832477
_NUMBER_ 448 -3,69675482
_URL_ 715 -3,23009754
_n 1 -9,11063053
a 148 -4,79983140
aaron 4 -8,19433980
able 1 -9,11063053
about 13 -7,16472038
above 2 -8,70516542
absolutely 1 -9,11063053
abt 1 -9,11063053
academic 1 -9,11063053
academics 1 -9,11063053
academies 2 -8,70516542
accelerate 2 -8,70516542
accelerator 2 -8,70516542
accept 1 -9,11063053
access 8 -7,60655313
accidents 1 -9,11063053
accolades 1 -9,11063053
accord 1 -9,11063053
according 1 -9,11063053
accounted 1 -9,11063053
accounts 1 -9,11063053
accredited 1 -9,11063053
accused 2 -8,70516542
achieve 1 -9,11063053
achievement 4 -8,19433980
acquire 1 -9,11063053
acquires 1 -9,11063053
acquisition 2 -8,70516542
across 5 -8,01201824
act 2 -8,70516542
acting 1 -9,11063053
action 1 -9,11063053
active 4 -8,19433980
activia 1 -9,11063053
activida 2 -8,70516542
activism 1 -9,11063053
activities 7 -7,72433617
activity 13 -7,16472038
actually 1 -9,11063053
add 3 -8,41748335
adds 2 -8,70516542
adelson 1 -9,11063053
adjusted 1 -9,11063053
admin 1 -9,11063053
admit 1 -9,11063053
adnan 1 -9,11063053
adopt 2 -8,70516542
adoption 1 -9,11063053
adr 1 -9,11063053
advance 3 -8,41748335
advanced 2 -8,70516542
advances 1 -9,11063053
advantage 2 -8,70516542
advertising 1 -9,11063053
advice 4 -8,19433980
advise 1 -9,11063053
adviser 2 -8,70516542
advisory 1 -9,11063053
advocates 1 -9,11063053
aetna 1 -9,11063053
affairs 3 -8,41748335
affected 2 -8,70516542
affirms 1 -9,11063053
affordable 5 -8,01201824
aforeclosure 1 -9,11063053
africa 3 -8,41748335
after 9 -7,50119262
again 2 -8,70516542
against 3 -8,41748335
age 3 -8,41748335
ageing 2 -8,70516542
aggressive 1 -9,11063053
agile 1 -9,11063053
agitates 2 -8,70516542
ago 1 -9,11063053
agre 1 -9,11063053
agreement 4 -8,19433980
agreements 2 -8,70516542
agrees 2 -8,70516542
agricultural 2 -8,70516542
ahead 4 -8,19433980
aid 1 -9,11063053
aig 1 -9,11063053
aim 2 -8,70516542
aimed 1 -9,11063053
aims 1 -9,11063053
airs 1 -9,11063053
albert 1 -9,11063053
alert 2 -8,70516542
algeria 1 -9,11063053
alibaba 1 -9,11063053
align 1 -9,11063053
aligns 1 -9,11063053
all 10 -7,40588244
allergies 3 -8,41748335
allergy 4 -8,19433980
alleviating 1 -9,11063053
allows 1 -9,11063053
almost 1 -9,11063053
aloysius 1 -9,11063053
alpha 1 -9,11063053
already 2 -8,70516542
also 2 -8,70516542
alternative 1 -9,11063053
alum 1 -9,11063053
am 1 -9,11063053
amazon 1 -9,11063053
ambassadors 2 -8,70516542
ambition 3 -8,41748335
america 9 -7,50119262
american 4 -8,19433980
americans 3 -8,41748335
americas 1 -9,11063053
amid 1 -9,11063053
among 7 -7,72433617
an 19 -6,80804543
ana 1 -9,11063053
analysing 1 -9,11063053
analysis 5 -8,01201824
analyst 5 -8,01201824
analysts 1 -9,11063053
analytics 3 -8,41748335
anand 1 -9,11063053
and 142 -4,84093308
angeles 1 -9,11063053
angry 1 -9,11063053
anil 1 -9,11063053
animal 1 -9,11063053
animals 1 -9,11063053
animation 1 -9,11063053
ann 1 -9,11063053
anniversary 1 -9,11063053
announce 6 -7,85786756
announced 2 -8,70516542
announces 15 -7,03118899
annual 6 -7,85786756
annually 1 -9,11063053
antero 2 -8,70516542
anti-corrupt 1 -9,11063053
anti-smoking 1 -9,11063053
any 2 -8,70516542
ap 1 -9,11063053
apart 1 -9,11063053
app 2 -8,70516542
appeal 2 -8,70516542
apple 1 -9,11063053
application 2 -8,70516542
applied 1 -9,11063053
appointed 1 -9,11063053
appointment 4 -8,19433980
appoints 1 -9,11063053
appreciation 2 -8,70516542
approach 2 -8,70516542
approaches 1 -9,11063053
approved 1 -9,11063053
approx 1 -9,11063053
april 2 -8,70516542
apts 1 -9,11063053
archirafi 1 -9,11063053
are 65 -5,61412297
areas 3 -8,41748335
around 8 -7,60655313
arrogant 1 -9,11063053
art 1 -9,11063053
article 1 -9,11063053
articles 1 -9,11063053
arturo 1 -9,11063053
aruba 1 -9,11063053
as 45 -5,97513631
asap 1 -9,11063053
asia 8 -7,60655313
asian 3 -8,41748335
aside 1 -9,11063053
ask 1 -9,11063053
asks 1 -9,11063053
asn 1 -9,11063053
aspen 1 -9,11063053
aspiring 1 -9,11063053
asset 5 -8,01201824
assets 5 -8,01201824
assisting 2 -8,70516542
associated 1 -9,11063053
association 4 -8,19433980
at 74 -5,48628959
athlete 2 -8,70516542
athletes 2 -8,70516542
attacks 1 -9,11063053
attain 1 -9,11063053
attitudes 2 -8,70516542
attract 1 -9,11063053
au 1 -9,11063053
auction 1 -9,11063053
austerity 2 -8,70516542
australia 1 -9,11063053
authorities 1 -9,11063053
auto-enrolment 1 -9,11063053
automated 1 -9,11063053
autonomy 1 -9,11063053
available 1 -9,11063053
average 3 -8,41748335
award 17 -6,91340595
award-winning 2 -8,70516542
awarded 5 -8,01201824
awarding 1 -9,11063053
awards 42 -6,04257759
awardshttp 1 -9,11063053
aware 1 -9,11063053
awareness 3 -8,41748335
b 1 -9,11063053
b-day 1 -9,11063053
ba 1 -9,11063053
babies 1 -9,11063053
baby 6 -7,85786756
back 14 -7,09572751
backed 1 -9,11063053
bad 3 -8,41748335
bag 1 -9,11063053
bags 1 -9,11063053
bai 1 -9,11063053
bailouts 1 -9,11063053
bair 1 -9,11063053
bakery 1 -9,11063053
balance 3 -8,41748335
banamex 2 -8,70516542
bancorp 1 -9,11063053
bank 28 -6,43648188
bank's 1 -9,11063053
bankers 2 -8,70516542
banking 13 -7,16472038
banks 38 -6,14021606
barack 2 -8,70516542
barclays 49 -5,89175470
barclaysstocktrade 1 -9,11063053
barriers 1 -9,11063053
base 1 -9,11063053
based 2 -8,70516542
basic 1 -9,11063053
basis 1 -9,11063053
baxter 1 -9,11063053
bay 1 -9,11063053
be 39 -6,11489825
beach 1 -9,11063053
beaches 1 -9,11063053
because 1 -9,11063053
become 3 -8,41748335
becoming 1 -9,11063053
been 9 -7,50119262
before 1 -9,11063053
began 1 -9,11063053
begin 5 -8,01201824
behaviour 1 -9,11063053
behind 4 -8,19433980
being 3 -8,41748335
believe 2 -8,70516542
belize 1 -9,11063053
bell 1 -9,11063053
bella 1 -9,11063053
belong 1 -9,11063053
below 1 -9,11063053
benchmark 1 -9,11063053
beneficiaries 1 -9,11063053
beneficios 1 -9,11063053
benefit 7 -7,72433617
benefiting 1 -9,11063053
benefits 9 -7,50119262
benoit 1 -9,11063053
berkowitz's 1 -9,11063053
bertelsmann 1 -9,11063053
beshears 1 -9,11063053
best 11 -7,31887106
bet 2 -8,70516542
better 4 -8,19433980
between 4 -8,19433980
beverages 1 -9,11063053
bid 1 -9,11063053
bidders 1 -9,11063053
big 18 -6,85933873
bigger 2 -8,70516542
biggest 3 -8,41748335
bil 1 -9,11063053
bill 4 -8,19433980
billion 11 -7,31887106
billionaire 3 -8,41748335
billionaire's 1 -9,11063053
billions 2 -8,70516542
binu 1 -9,11063053
bio 2 -8,70516542
bit 1 -9,11063053
biz 3 -8,41748335
black 1 -9,11063053
blackberry 1 -9,11063053
blackrock 1 -9,11063053
blackstone's 1 -9,11063053
blankfein 1 -9,11063053
bldgs 1 -9,11063053
blessed 1 -9,11063053
bleu 2 -8,70516542
bln 2 -8,70516542
block 2 -8,70516542
blog 13 -7,16472038
blogpost 5 -8,01201824
blogs 1 -9,11063053
bloomberg 2 -8,70516542
bmg 1 -9,11063053
bn 5 -8,01201824
board 2 -8,70516542
boarding 1 -9,11063053
body 1 -9,11063053
boe 1 -9,11063053
boe's 1 -9,11063053
bofa 2 -8,70516542
bofa's 1 -9,11063053
bonafont 1 -9,11063053
bond 3 -8,41748335
bonds 2 -8,70516542
bonuses 5 -8,01201824
boom 1 -9,11063053
boost 7 -7,72433617
boosted 1 -9,11063053
boosting 2 -8,70516542
boosts 1 -9,11063053
borg 1 -9,11063053
borrowers 1 -9,11063053
borrowing 1 -9,11063053
boston's 1 -9,11063053
bott 1 -9,11063053
bottle 1 -9,11063053
bottom 2 -8,70516542
boucherville 1 -9,11063053
bought 1 -9,11063053
boxes 1 -9,11063053
branch 3 -8,41748335
branche 1 -9,11063053
brand 3 -8,41748335
brands 3 -8,41748335
brazil 3 -8,41748335
brazil's 1 -9,11063053
brazil-africa 1 -9,11063053
brazilian 1 -9,11063053
brazilians 1 -9,11063053
break 2 -8,70516542
breakout 1 -9,11063053
breaks 1 -9,11063053
breed 1 -9,11063053
brian 3 -8,41748335
bribery 1 -9,11063053
bricks 1 -9,11063053
brics 1 -9,11063053
bright 1 -9,11063053
bring 1 -9,11063053
bringing 1 -9,11063053
brings 1 -9,11063053
brit 1 -9,11063053
britain 1 -9,11063053
britian 1 -9,11063053
british 2 -8,70516542
britons 1 -9,11063053
broad 1 -9,11063053
brokerage 1 -9,11063053
bronx 1 -9,11063053
bronze 1 -9,11063053
bruce 1 -9,11063053
brumpton 1 -9,11063053
brussels 1 -9,11063053
bst 1 -9,11063053
bu 1 -9,11063053
bucks 1 -9,11063053
budget 6 -7,85786756
buffett's 1 -9,11063053
build 4 -8,19433980
building 6 -7,85786756
built 1 -9,11063053
business 30 -6,36979050
businesses 5 -8,01201824
businesssource 1 -9,11063053
businessweek 1 -9,11063053
but 14 -7,09572751
buy 6 -7,85786756
buybacks 4 -8,19433980
buyer 1 -9,11063053
buyers 1 -9,11063053
buying 1 -9,11063053
buyouts 2 -8,70516542
bw 1 -9,11063053
by 49 -5,89175470
c 5 -8,01201824
cachet 1 -9,11063053
call 3 -8,41748335
called 1 -9,11063053
calls 3 -8,41748335
cambodia 1 -9,11063053
came 1 -9,11063053
camera-less 1 -9,11063053
campaign 3 -8,41748335
camps 1 -9,11063053
campus 1 -9,11063053
can 14 -7,09572751
canada 3 -8,41748335
canadian 2 -8,70516542
cancer 1 -9,11063053
candida 1 -9,11063053
cap 1 -9,11063053
capability 2 -8,70516542
capacity 2 -8,70516542
capital 21 -6,71273526
carasso 1 -9,11063053
carbon 1 -9,11063053
carbone 1 -9,11063053
card 1 -9,11063053
cards 1 -9,11063053
care 4 -8,19433980
career 8 -7,60655313
caregivers 1 -9,11063053
cares 5 -8,01201824
caring 1 -9,11063053
carnival 1 -9,11063053
carolanne 1 -9,11063053
case 4 -8,19433980
cash 5 -8,01201824
cast 1 -9,11063053
catal 1 -9,11063053
catch 1 -9,11063053
catchers 1 -9,11063053
categories 2 -8,70516542
category 2 -8,70516542
caught 1 -9,11063053
cc 7 -7,72433617
cdo 1 -9,11063053
cease 1 -9,11063053
cecile 1 -9,11063053
celebrate 11 -7,31887106
celebrates 4 -8,19433980
celebrating 2 -8,70516542
celent 1 -9,11063053
center 1 -9,11063053
centers 2 -8,70516542
central 1 -9,11063053
centre 4 -8,19433980
centro 1 -9,11063053
century 1 -9,11063053
ceo 21 -6,71273526
ceos 5 -8,01201824
ceremony 2 -8,70516542
certain 1 -9,11063053
certification 2 -8,70516542
cfcd 1 -9,11063053
ch 1 -9,11063053
chain 1 -9,11063053
chained 1 -9,11063053
chairman 6 -7,85786756
challenge 1 -9,11063053
champ 1 -9,11063053
champion 2 -8,70516542
chancellor 1 -9,11063053
change 2 -8,70516542
changed 1 -9,11063053
changes 1 -9,11063053
changing 1 -9,11063053
channel 2 -8,70516542
characteristics 1 -9,11063053
charged 1 -9,11063053
charges 1 -9,11063053
charitable 1 -9,11063053
charities 2 -8,70516542
charity 5 -8,01201824
charles 1 -9,11063053
charter 3 -8,41748335
chartered 2 -8,70516542
chase 1 -9,11063053
cheap 1 -9,11063053
cheaper 1 -9,11063053
checks 1 -9,11063053
chicago's 2 -8,70516542
chief 7 -7,72433617
chiefs 4 -8,19433980
child 2 -8,70516542
children 23 -6,62572388
children's 6 -7,85786756
china 3 -8,41748335
china's 2 -8,70516542
chinese 4 -8,19433980
choi 1 -9,11063053
choices 1 -9,11063053
choir 1 -9,11063053
christine 1 -9,11063053
christmas 1 -9,11063053
chronicle 1 -9,11063053
ci 1 -9,11063053
cio 1 -9,11063053
circuit 1 -9,11063053
cis 1 -9,11063053
cit 1 -9,11063053
citadel 6 -7,85786756
citadel's 1 -9,11063053
citi 79 -5,42175107
citi's 7 -7,72433617
citi-commissioned 1 -9,11063053
citibank 3 -8,41748335
citic 1 -9,11063053
cities 10 -7,40588244
citig 1 -9,11063053
citigrou 2 -8,70516542
citigroup 70 -5,54109783
citigroup's 9 -7,50119262
citiphone 1 -9,11063053
citizens 1 -9,11063053
city 6 -7,85786756
civic 1 -9,11063053
cl 1 -9,11063053
claims 2 -8,70516542
class 4 -8,19433980
classes 1 -9,11063053
classic 1 -9,11063053
classrooms 1 -9,11063053
clawback 1 -9,11063053
clean 2 -8,70516542
clearly 1 -9,11063053
clicks 1 -9,11063053
client 3 -8,41748335
clients 7 -7,72433617
climate 1 -9,11063053
climbed 1 -9,11063053
clo 1 -9,11063053
close 2 -8,70516542
closed 1 -9,11063053
closing 1 -9,11063053
club 1 -9,11063053
cnbc 5 -8,01201824
co-construction 2 -8,70516542
co-creation 2 -8,70516542
co-founder 1 -9,11063053
coastlines 1 -9,11063053
coff 1 -9,11063053
coffee-and-donut 1 -9,11063053
cognitive 1 -9,11063053
collaborated 2 -8,70516542
collaborating 1 -9,11063053
collaboration 3 -8,41748335
collaborators 1 -9,11063053
collects 1 -9,11063053
college 1 -9,11063053
com 1 -9,11063053
combining 1 -9,11063053
come 2 -8,70516542
comes 2 -8,70516542
coming 2 -8,70516542
commended 1 -9,11063053
comments 1 -9,11063053
commerce 1 -9,11063053
commercial 2 -8,70516542
commissioner 1 -9,11063053
commitment 1 -9,11063053
commits 1 -9,11063053
committed 1 -9,11063053
committee 1 -9,11063053
committing 1 -9,11063053
commodities 1 -9,11063053
common 1 -9,11063053
commonwealth 2 -8,70516542
communications 1 -9,11063053
communities 16 -6,97056436
community 40 -6,09020564
community-minded 1 -9,11063053
como 1 -9,11063053
companies 7 -7,72433617
company 10 -7,40588244
compensate 1 -9,11063053
compensation 1 -9,11063053
competent 1 -9,11063053
competition 1 -9,11063053
competitive 3 -8,41748335
competitiveness 1 -9,11063053
competiveness 1 -9,11063053
complementarities 1 -9,11063053
complete 1 -9,11063053
completes 2 -8,70516542
completing 1 -9,11063053
compliance 2 -8,70516542
composition 1 -9,11063053
comprehensive 1 -9,11063053
concept 2 -8,70516542
concern 1 -9,11063053
concludes 2 -8,70516542
conditions 4 -8,19433980
conferences 1 -9,11063053
confidence 3 -8,41748335
confirmed 1 -9,11063053
congratulations 2 -8,70516542
congressman 1 -9,11063053
conn 1 -9,11063053
connect 2 -8,70516542
connectedness 1 -9,11063053
connectivity 1 -9,11063053
consent 2 -8,70516542
consequences 1 -9,11063053
conservation 2 -8,70516542
consider 1 -9,11063053
construction 1 -9,11063053
consultant 1 -9,11063053
consulting 1 -9,11063053
consumer 4 -8,19433980
consumption 3 -8,41748335
contact 2 -8,70516542
content 2 -8,70516542
context 1 -9,11063053
continue 3 -8,41748335
continued 1 -9,11063053
continues 2 -8,70516542
continuing 2 -8,70516542
contribute 1 -9,11063053
contributes 1 -9,11063053
contributing 1 -9,11063053
control-freak 1 -9,11063053
convenience 1 -9,11063053
converted 1 -9,11063053
conviction 1 -9,11063053
coo 3 -8,41748335
cook 1 -9,11063053
cooperating 1 -9,11063053
cooperative 1 -9,11063053
coordinating 1 -9,11063053
copyright 1 -9,11063053
corbat 11 -7,31887106
cordial 1 -9,11063053
core 2 -8,70516542
corn 1 -9,11063053
corp 6 -7,85786756
corporate 3 -8,41748335
corporates 1 -9,11063053
corporation 1 -9,11063053
corps 1 -9,11063053
corrupt 1 -9,11063053
corruption 2 -8,70516542
cost 3 -8,41748335
costs 2 -8,70516542
could 2 -8,70516542
council 2 -8,70516542
counseling 1 -9,11063053
counselor 2 -8,70516542
countries 12 -7,23882835
country 4 -8,19433980
country's 1 -9,11063053
course 5 -8,01201824
cover 2 -8,70516542
coverage 3 -8,41748335
covered 2 -8,70516542
covers 1 -9,11063053
cow's 2 -8,70516542
coworking 1 -9,11063053
cox 1 -9,11063053
cpc 1 -9,11063053
cpi 1 -9,11063053
cr 1 -9,11063053
crackdo 1 -9,11063053
craftwork 1 -9,11063053
craig 1 -9,11063053
crap 1 -9,11063053
create 7 -7,72433617
created 3 -8,41748335
creates 1 -9,11063053
creating 1 -9,11063053
creation 3 -8,41748335
creatively 1 -9,11063053
cred 1 -9,11063053
credibility 1 -9,11063053
credit 1 -9,11063053
cricket 1 -9,11063053
criminal 1 -9,11063053
crisis 1 -9,11063053
cronyism 1 -9,11063053
cross 1 -9,11063053
cross-border 1 -9,11063053
crosses 3 -8,41748335
crucial 1 -9,11063053
cultivating 1 -9,11063053
culture 5 -8,01201824
cultures 1 -9,11063053
cup 1 -9,11063053
curb 1 -9,11063053
currall 1 -9,11063053
currencies 2 -8,70516542
currency 2 -8,70516542
curse 1 -9,11063053
curtis 1 -9,11063053
custody 1 -9,11063053
customer 3 -8,41748335
customers 1 -9,11063053
cut 2 -8,70516542
cuts 6 -7,85786756
cybersecurity 1 -9,11063053
cycle 1 -9,11063053
d 3 -8,41748335
daily 4 -8,19433980
dairy 3 -8,41748335
damning 1 -9,11063053
dampen 1 -9,11063053
dan 8 -7,60655313
daniel 1 -9,11063053
dannon 2 -8,70516542
dannon-branded 1 -9,11063053
danone 36 -6,19285980
danone's 10 -7,40588244
danone-backed 1 -9,11063053
danone-unimilk 1 -9,11063053
danoneinstitute 1 -9,11063053
danoners 1 -9,11063053
data 6 -7,85786756
date 2 -8,70516542
david 1 -9,11063053
day 28 -6,43648188
days 2 -8,70516542
dc 2 -8,70516542
de 2 -8,70516542
deal 4 -8,19433980
dealers 1 -9,11063053
deals 1 -9,11063053
dearborn 1 -9,11063053
debate 1 -9,11063053
debojo 1 -9,11063053
deborah 1 -9,11063053
debt 4 -8,19433980
debut 1 -9,11063053
dec 1 -9,11063053
decade 1 -9,11063053
decision 1 -9,11063053
decisions 1 -9,11063053
decline 2 -8,70516542
deeds 1 -9,11063053
deepen 1 -9,11063053
default 2 -8,70516542
defined 1 -9,11063053
defrauding 2 -8,70516542
degree 2 -8,70516542
delegates 1 -9,11063053
delighted 1 -9,11063053
deliver 2 -8,70516542
delivering 1 -9,11063053
demands 1 -9,11063053
democracy 1 -9,11063053
dena 1 -9,11063053
deploying 1 -9,11063053
deposit 2 -8,70516542
depositary 1 -9,11063053
depreciating 1 -9,11063053
derek 1 -9,11063053
derivatives 2 -8,70516542
deserted 1 -9,11063053
deserve 1 -9,11063053
designed 2 -8,70516542
designers 1 -9,11063053
despite 4 -8,19433980
destined 1 -9,11063053
deutsche 3 -8,41748335
dev 1 -9,11063053
devastated 1 -9,11063053
develop 3 -8,41748335
developed 9 -7,50119262
developing 6 -7,85786756
development 21 -6,71273526
developments 3 -8,41748335
develops 2 -8,70516542
dewa 1 -9,11063053
diabetes 2 -8,70516542
dicks 2 -8,70516542
did 2 -8,70516542
dietary 1 -9,11063053
diff 1 -9,11063053
difference 1 -9,11063053
different 2 -8,70516542
digestion 1 -9,11063053
digestive 2 -8,70516542
digit 1 -9,11063053
digital 6 -7,85786756
dimensions 1 -9,11063053
direct 1 -9,11063053
direction 1 -9,11063053
director 1 -9,11063053
directors 2 -8,70516542
disability 1 -9,11063053
disarray 2 -8,70516542
disbursement 1 -9,11063053
disclosures 1 -9,11063053
discover 2 -8,70516542
discoveries 1 -9,11063053
discrimination 1 -9,11063053
discuss 3 -8,41748335
diseases 1 -9,11063053
dish 2 -8,70516542
dismissed 1 -9,11063053
display 1 -9,11063053
dispute 1 -9,11063053
distinct 1 -9,11063053
distressed 1 -9,11063053
district 1 -9,11063053
diverse 2 -8,70516542
diversified 3 -8,41748335
diversity 2 -8,70516542
dividend 2 -8,70516542
division 2 -8,70516542
division's 1 -9,11063053
divisions 1 -9,11063053
djzil 1 -9,11063053
do 13 -7,16472038
do's 1 -9,11063053
dockers 1 -9,11063053
does 3 -8,41748335
doesn't 2 -8,70516542
doing 3 -8,41748335
doj 1 -9,11063053
dollar 1 -9,11063053
domestic 2 -8,70516542
dominican 1 -9,11063053
don't 3 -8,41748335
donations 1 -9,11063053
done 5 -8,01201824
door 1 -9,11063053
double 1 -9,11063053
double-digit 1 -9,11063053
doubling 1 -9,11063053
dow 1 -9,11063053
down 8 -7,60655313
downgrades 1 -9,11063053
downside 1 -9,11063053
downturn 2 -8,70516542
dozen 1 -9,11063053
dreams 2 -8,70516542
drink 2 -8,70516542
drinkable 1 -9,11063053
drive 1 -9,11063053
driven 3 -8,41748335
drives 1 -9,11063053
driving 1 -9,11063053
drugs 1 -9,11063053
dual 2 -8,70516542
dubai 2 -8,70516542
due 2 -8,70516542
duke 1 -9,11063053
dumped 1 -9,11063053
during 4 -8,19433980
dynamic 1 -9,11063053
dynamics 2 -8,70516542
dynasty 2 -8,70516542
e 16 -6,97056436
e-statements 1 -9,11063053
e-trade 2 -8,70516542
each 4 -8,19433980
earlier 1 -9,11063053
early 6 -7,85786756
earn 2 -8,70516542
earnings 1 -9,11063053
earth 1 -9,11063053
ease 1 -9,11063053
east 2 -8,70516542
eastern 1 -9,11063053
eat 2 -8,70516542
eaters 1 -9,11063053
eating 1 -9,11063053
eau 1 -9,11063053
ec 1 -9,11063053
eco-park 1 -9,11063053
ecology 1 -9,11063053
economic 10 -7,40588244
economies 2 -8,70516542
economy 5 -8,01201824
ecosystem 8 -7,60655313
ecosystems 2 -8,70516542
ed 2 -8,70516542
edge 1 -9,11063053
edition 1 -9,11063053
educate 3 -8,41748335
education 9 -7,50119262
educational 1 -9,11063053
edward 1 -9,11063053
edwards 1 -9,11063053
effective 2 -8,70516542
effectiveness 1 -9,11063053
effects 3 -8,41748335
efficiency 2 -8,70516542
efficient 1 -9,11063053
effort 2 -8,70516542
efforts 1 -9,11063053
egan's 3 -8,41748335
egypt 1 -9,11063053
eiu 1 -9,11063053
el 2 -8,70516542
elderly 8 -7,60655313
electricity 1 -9,11063053
electronic 2 -8,70516542
else 1 -9,11063053
emails 1 -9,11063053
embarrassing 1 -9,11063053
embedded 1 -9,11063053
emboldens 1 -9,11063053
embrace 2 -8,70516542
emea 1 -9,11063053
emeli 1 -9,11063053
emerge 2 -8,70516542
emerging 7 -7,72433617
emma 1 -9,11063053
emmanuel 1 -9,11063053
emotional 1 -9,11063053
emphasises 1 -9,11063053
empire 1 -9,11063053
employed 1 -9,11063053
employee 3 -8,41748335
employees 12 -7,23882835
employer 1 -9,11063053
employment 3 -8,41748335
employs 1 -9,11063053
empower 1 -9,11063053
empowering 4 -8,19433980
empowerment 9 -7,50119262
empowers 2 -8,70516542
enable 2 -8,70516542
enables 1 -9,11063053
enabling 1 -9,11063053
enbd 1 -9,11063053
encounter 1 -9,11063053
encourage 1 -9,11063053
encouraged 1 -9,11063053
encourages 1 -9,11063053
end 2 -8,70516542
energy 5 -8,01201824
engage 1 -9,11063053
engaged 2 -8,70516542
engagement 3 -8,41748335
engages 1 -9,11063053
england 1 -9,11063053
english 1 -9,11063053
enhance 1 -9,11063053
enough 3 -8,41748335
enrich 1 -9,11063053
ensuring 1 -9,11063053
enterprise 2 -8,70516542
entire 1 -9,11063053
entrepreneur 3 -8,41748335
entrepreneurial 3 -8,41748335
entrepreneurs 8 -7,60655313
entrepreneurship 3 -8,41748335
entreprenuers 1 -9,11063053
entrie 1 -9,11063053
entry 1 -9,11063053
environmental 3 -8,41748335
equal 3 -8,41748335
equality 2 -8,70516542
equalization 1 -9,11063053
equation 1 -9,11063053
equities 3 -8,41748335
equity 2 -8,70516542
equivalent 1 -9,11063053
era 2 -8,70516542
eruption 1 -9,11063053
escaping 1 -9,11063053
esp 1 -9,11063053
essec's 1 -9,11063053
estate-tax 1 -9,11063053
este 1 -9,11063053
estimate 1 -9,11063053
estimates 1 -9,11063053
etf 1 -9,11063053
ethical 1 -9,11063053
ethnographic 1 -9,11063053
eu 4 -8,19433980
euro 3 -8,41748335
euromoney 4 -8,19433980
euromonitor 2 -8,70516542
europe 5 -8,01201824
european 2 -8,70516542
evaluating 1 -9,11063053
even 1 -9,11063053
event 3 -8,41748335
events 3 -8,41748335
ever 3 -8,41748335
evercore 1 -9,11063053
every 4 -8,19433980
everyone 1 -9,11063053
everything 3 -8,41748335
everywhere 2 -8,70516542
evidence 1 -9,11063053
evolution 3 -8,41748335
evolving 1 -9,11063053
evp 1 -9,11063053
ex-citi 1 -9,11063053
ex-div 1 -9,11063053
ex-dividend 1 -9,11063053
ex-rights 1 -9,11063053
exactly 1 -9,11063053
examines 1 -9,11063053
example 1 -9,11063053
excellence 3 -8,41748335
excess 1 -9,11063053
exchange 3 -8,41748335
excited 5 -8,01201824
exciting 1 -9,11063053
excluding 1 -9,11063053
exclusion 1 -9,11063053
exclusive 24 -6,58490188
exclusivity 1 -9,11063053
exe 1 -9,11063053
executiv 1 -9,11063053
executive 5 -8,01201824
executives 1 -9,11063053
exercise 1 -9,11063053
exhibition 1 -9,11063053
exodus 1 -9,11063053
expand 3 -8,41748335
expanded 2 -8,70516542
expanding 1 -9,11063053
expands 2 -8,70516542
expansion 2 -8,70516542
expect 1 -9,11063053
expected 2 -8,70516542
expensive 2 -8,70516542
experience 4 -8,19433980
experiencing 2 -8,70516542
expertise 3 -8,41748335
experts 1 -9,11063053
expiration 1 -9,11063053
explore 1 -9,11063053
explored 1 -9,11063053
explores 3 -8,41748335
expo 1 -9,11063053
exports 1 -9,11063053
exposure 1 -9,11063053
extend 1 -9,11063053
extends 1 -9,11063053
eye 1 -9,11063053
eyes 5 -8,01201824
f 7 -7,72433617
fa 1 -9,11063053
faber 3 -8,41748335
faber's 1 -9,11063053
face 2 -8,70516542
facebook 2 -8,70516542
facebook's 1 -9,11063053
faces 1 -9,11063053
facilitates 1 -9,11063053
facilities 1 -9,11063053
facility 1 -9,11063053
fail 2 -8,70516542
failed 1 -9,11063053
failing 1 -9,11063053
fails 1 -9,11063053
failsafe 1 -9,11063053
failure 1 -9,11063053
fair 5 -8,01201824
fairholme 1 -9,11063053
fairly 2 -8,70516542
fairness 9 -7,50119262
fairway 2 -8,70516542
faith 1 -9,11063053
fall 1 -9,11063053
falling 1 -9,11063053
falls 3 -8,41748335
false 2 -8,70516542
families 3 -8,41748335
fans 1 -9,11063053
fantastic 2 -8,70516542
far 1 -9,11063053
fargo 1 -9,11063053
farm 1 -9,11063053
farmer 1 -9,11063053
farmers 1 -9,11063053
fast-growing 2 -8,70516542
faster 1 -9,11063053
fastest-growing 1 -9,11063053
favour 1 -9,11063053
fe 1 -9,11063053
featured 1 -9,11063053
features 2 -8,70516542
feb 2 -8,70516542
fed 10 -7,40588244
fed's 1 -9,11063053
federa 1 -9,11063053
federal 6 -7,85786756
federation 1 -9,11063053
feedback 1 -9,11063053
feel 3 -8,41748335
fees 1 -9,11063053
feig 1 -9,11063053
fell 1 -9,11063053
felt 1 -9,11063053
female 3 -8,41748335
fermented 1 -9,11063053
festival 1 -9,11063053
fi 1 -9,11063053
field 1 -9,11063053
fight 2 -8,70516542
fighting 1 -9,11063053
fighting_to_save_our_community_banks0_1364587394 1 -9,11063053
figure 1 -9,11063053
figures 1 -9,11063053
filings 1 -9,11063053
fill 2 -8,70516542
film 1 -9,11063053
finacle 1 -9,11063053
final 3 -8,41748335
finalist 3 -8,41748335
finally 2 -8,70516542
finance 8 -7,60655313
financed 1 -9,11063053
finances 1 -9,11063053
financial 26 -6,50794084
financials 1 -9,11063053
financing 4 -8,19433980
find 4 -8,19433980
finding 2 -8,70516542
findings 1 -9,11063053
fine 1 -9,11063053
finland 1 -9,11063053
finn 1 -9,11063053
fire 2 -8,70516542
firin 1 -9,11063053
firms 1 -9,11063053
first 11 -7,31887106
fiscal 2 -8,70516542
fitch 2 -8,70516542
fits 1 -9,11063053
five 2 -8,70516542
fixed 1 -9,11063053
flag 4 -8,19433980
flag-raising 1 -9,11063053
flagship 2 -8,70516542
flaherty 2 -8,70516542
flash 1 -9,11063053
flat 1 -9,11063053
flexible 2 -8,70516542
flight 1 -9,11063053
floating 1 -9,11063053
flops 1 -9,11063053
flow 1 -9,11063053
flows 1 -9,11063053
fmhr's 1 -9,11063053
focus 6 -7,85786756
focused 1 -9,11063053
folk 1 -9,11063053
follow 3 -8,41748335
food 28 -6,43648188
foods 3 -8,41748335
fool 6 -7,85786756
football 3 -8,41748335
footballers 1 -9,11063053
for 192 -4,54108752
forbes 2 -8,70516542
forces 2 -8,70516542
forecast 1 -9,11063053
foreclosure 1 -9,11063053
forefront 1 -9,11063053
forex 1 -9,11063053
form 1 -9,11063053
formed 1 -9,11063053
former 9 -7,50119262
formula 1 -9,11063053
fortunate 1 -9,11063053
fortunes 1 -9,11063053
forum 5 -8,01201824
foster 3 -8,41748335
fostering 1 -9,11063053
fosters 1 -9,11063053
found 2 -8,70516542
foundation 16 -6,97056436
foundation's 2 -8,70516542
foundations 1 -9,11063053
founders 1 -9,11063053
four 3 -8,41748335
fox 1 -9,11063053
fragile 1 -9,11063053
frail 1 -9,11063053
frames 1 -9,11063053
framework 1 -9,11063053
france 5 -8,01201824
francesco 1 -9,11063053
francisco 1 -9,11063053
free 6 -7,85786756
french 2 -8,70516542
frequent 1 -9,11063053
fresh 9 -7,50119262
friday 2 -8,70516542
friends 1 -9,11063053
fringe 1 -9,11063053
from 52 -5,83348579
froman 2 -8,70516542
front-runner 1 -9,11063053
fruit-on-the-bottom 1 -9,11063053
fsa 1 -9,11063053
ft 5 -8,01201824
fuel 1 -9,11063053
fueling 1 -9,11063053
fuels 2 -8,70516542
full 2 -8,70516542
fully 2 -8,70516542
fun 2 -8,70516542
function 3 -8,41748335
functioning 1 -9,11063053
fund 17 -6,91340595
fundaeco 1 -9,11063053
funder 1 -9,11063053
funds 5 -8,01201824
further 4 -8,19433980
future 5 -8,01201824
futures 1 -9,11063053
fx 3 -8,41748335
g 2 -8,70516542
g10 4 -8,19433980
g20 2 -8,70516542
gabriel 1 -9,11063053
gain 1 -9,11063053
gains 5 -8,01201824
gala 2 -8,70516542
galaxy 1 -9,11063053
galleries 1 -9,11063053
games 2 -8,70516542
gap 3 -8,41748335
gardens 1 -9,11063053
gardiner 1 -9,11063053
garnered 1 -9,11063053
gates 1 -9,11063053
gathers 1 -9,11063053
gave 2 -8,70516542
gdp 2 -8,70516542
geithner 1 -9,11063053
gen 1 -9,11063053
gen-z 1 -9,11063053
general 1 -9,11063053
generate 1 -9,11063053
generating 1 -9,11063053
generation 3 -8,41748335
geographies 1 -9,11063053
georgia 2 -8,70516542
germany 1 -9,11063053
get 5 -8,01201824
gets 2 -8,70516542
getting 1 -9,11063053
giant 1 -9,11063053
giants 1 -9,11063053
gibraltar 1 -9,11063053
gidfar 1 -9,11063053
gilt 2 -8,70516542
girls 1 -9,11063053
give 8 -7,60655313
given 5 -8,01201824
giving 7 -7,72433617
gkpm 1 -9,11063053
glaeser 1 -9,11063053
glitches 1 -9,11063053
global 49 -5,89175470
globally 2 -8,70516542
globe 5 -8,01201824
globes 1 -9,11063053
glory 1 -9,11063053
gm 1 -9,11063053
gmt 3 -8,41748335
go 2 -8,70516542
go-getters 1 -9,11063053
go-givers 1 -9,11063053
goal 1 -9,11063053
gold 4 -8,19433980
goldberg 1 -9,11063053
golden 1 -9,11063053
goldman 11 -7,31887106
good 6 -7,85786756
goods 1 -9,11063053
gop 1 -9,11063053
gordon 2 -8,70516542
government 26 -6,50794084
government-appointed 1 -9,11063053
governments 4 -8,19433980
governor 1 -9,11063053
governors 1 -9,11063053
govt 1 -9,11063053
grad 1 -9,11063053
graham 1 -9,11063053
grameen 1 -9,11063053
grants 1 -9,11063053
grateful 1 -9,11063053
great 7 -7,72433617
greater 1 -9,11063053
greece's 1 -9,11063053
greek 1 -9,11063053
green 2 -8,70516542
greenberg 1 -9,11063053
greenwich 1 -9,11063053
griffin 1 -9,11063053
griffin's 1 -9,11063053
grocery 1 -9,11063053
gross 1 -9,11063053
groundwork 1 -9,11063053
group 9 -7,50119262
group's 1 -9,11063053
groupe's 1 -9,11063053
grow 1 -9,11063053
growing 2 -8,70516542
grows 1 -9,11063053
growth 15 -7,03118899
guangzhou 1 -9,11063053
guatemala 2 -8,70516542
guernsey 2 -8,70516542
guests 1 -9,11063053
guide 2 -8,70516542
guides 1 -9,11063053
guizhou- 1 -9,11063053
gurwitz 4 -8,19433980
gut 1 -9,11063053
h4hinitiative 1 -9,11063053
ha 1 -9,11063053
habits 2 -8,70516542
hackers 1 -9,11063053
had 1 -9,11063053
hairs 1 -9,11063053
haiti 1 -9,11063053
haiyan 1 -9,11063053
half 3 -8,41748335
halt 1 -9,11063053
hamlets 1 -9,11063053
hand- 1 -9,11063053
handiwork 1 -9,11063053
handling 1 -9,11063053
hank 1 -9,11063053
happening 1 -9,11063053
happy 2 -8,70516542
hard 2 -8,70516542
harder 2 -8,70516542
harmed 1 -9,11063053
has 30 -6,36979050
hasn 1 -9,11063053
hat-trick 1 -9,11063053
have 29 -6,40258033
havi 1 -9,11063053
having 3 -8,41748335
hawaii 2 -8,70516542
hazardous 1 -9,11063053
he 2 -8,70516542
head 8 -7,60655313
headed 1 -9,11063053
headlines 1 -9,11063053
health 23 -6,62572388
health-care 1 -9,11063053
healthcare 7 -7,72433617
healthier 6 -7,85786756
healthy 10 -7,40588244
heart 2 -8,70516542
heartwood 1 -9,11063053
heats 1 -9,11063053
heavil 1 -9,11063053
heavily 7 -7,72433617
hedge 10 -7,40588244
held 2 -8,70516542
help 21 -6,71273526
helped 1 -9,11063053
helping 8 -7,60655313
helps 3 -8,41748335
henry 1 -9,11063053
her 3 -8,41748335
here 2 -8,70516542
here's 2 -8,70516542
hero 1 -9,11063053
hi 1 -9,11063053
hide 1 -9,11063053
hiding 1 -9,11063053
high 2 -8,70516542
high-beta 2 -8,70516542
higher 3 -8,41748335
highest 2 -8,70516542
highest-earning 1 -9,11063053
highland 1 -9,11063053
highlight 1 -9,11063053
highlights 3 -8,41748335
highly 2 -8,70516542
him 1 -9,11063053
hire 4 -8,19433980
his 6 -7,85786756
history 5 -8,01201824
hit 1 -9,11063053
hits 1 -9,11063053
hk 1 -9,11063053
hold 1 -9,11063053
holders 3 -8,41748335
holding 1 -9,11063053
holds 1 -9,11063053
home 8 -7,60655313
homeowners 1 -9,11063053
homes 2 -8,70516542
honduras 1 -9,11063053
hong 1 -9,11063053
honor 1 -9,11063053
honored 3 -8,41748335
honors 1 -9,11063053
honoured 1 -9,11063053
hopes 1 -9,11063053
horizonte 1 -9,11063053
hortons 4 -8,19433980
hospice 1 -9,11063053
hospital 2 -8,70516542
hospitals 1 -9,11063053
host 1 -9,11063053
hot 2 -8,70516542
hourly 1 -9,11063053
house 2 -8,70516542
household 2 -8,70516542
housing 6 -7,85786756
how 17 -6,91340595
hrs 2 -8,70516542
hub 1 -9,11063053
hubs 2 -8,70516542
huffington 1 -9,11063053
human 8 -7,60655313
humanity 1 -9,11063053
humans 1 -9,11063053
hundreds 1 -9,11063053
hungary 2 -8,70516542
hunger 1 -9,11063053
hurt 1 -9,11063053
i 5 -8,01201824
ideas 4 -8,19433980
identifies 2 -8,70516542
identifying 1 -9,11063053
if 3 -8,41748335
ignore 1 -9,11063053
ill 1 -9,11063053
illiterate 1 -9,11063053
illustrated 1 -9,11063053
imf 1 -9,11063053
imme 1 -9,11063053
immediate 2 -8,70516542
immunity 1 -9,11063053
impact 10 -7,40588244
impacted 1 -9,11063053
implement 1 -9,11063053
importance 4 -8,19433980
important 3 -8,41748335
improv 1 -9,11063053
improve 12 -7,23882835
improving 1 -9,11063053
in 301 -4,09335069
inc 9 -7,50119262
include 1 -9,11063053
includes 1 -9,11063053
including 4 -8,19433980
inclusion 3 -8,41748335
income 2 -8,70516542
increase 4 -8,19433980
increased 2 -8,70516542
increases 2 -8,70516542
increasing 2 -8,70516542
increasingly 1 -9,11063053
incredibly 1 -9,11063053
ind 1 -9,11063053
index 2 -8,70516542
india 4 -8,19433980
india's 1 -9,11063053
indicate 1 -9,11063053
indies 1 -9,11063053
indirect 1 -9,11063053
individuals 1 -9,11063053
indonesia 5 -8,01201824
indonesian 1 -9,11063053
induced 1 -9,11063053
industry 2 -8,70516542
inequality 6 -7,85786756
influential 1 -9,11063053
info 5 -8,01201824
infrastructure 3 -8,41748335
ing's 1 -9,11063053
ingenuity 6 -7,85786756
ingredients 1 -9,11063053
inheritence 1 -9,11063053
inheritors 1 -9,11063053
initial 1 -9,11063053
initiating 1 -9,11063053
initiative 5 -8,01201824
initiatives 3 -8,41748335
injury 1 -9,11063053
innovate 2 -8,70516542
innovation 10 -7,40588244
innovative 5 -8,01201824
insane 1 -9,11063053
inside 4 -8,19433980
insiders 1 -9,11063053
insight 3 -8,41748335
insights 1 -9,11063053
inspire 1 -9,11063053
inspired 1 -9,11063053
install 1 -9,11063053
instantly 1 -9,11063053
institute 5 -8,01201824
institutes 1 -9,11063053
institutional 1 -9,11063053
instructive 1 -9,11063053
integrate 1 -9,11063053
integrated 1 -9,11063053
intel 1 -9,11063053
interactive 1 -9,11063053
interest 1 -9,11063053
internal 1 -9,11063053
internati 1 -9,11063053
international 2 -8,70516542
internet 1 -9,11063053
intervention 2 -8,70516542
interview 2 -8,70516542
intestinal 1 -9,11063053
intl 1 -9,11063053
into 17 -6,91340595
intrapreneurs 1 -9,11063053
introduces 1 -9,11063053
introducing 1 -9,11063053
invest 2 -8,70516542
invested 5 -8,01201824
investigation 4 -8,19433980
investing 2 -8,70516542
investment 14 -7,09572751
investments 1 -9,11063053
investor 13 -7,16472038
investors 6 -7,85786756
invests 1 -9,11063053
invoices 1 -9,11063053
ipad 1 -9,11063053
ipo 2 -8,70516542
ireland 2 -8,70516542
ireland-france 1 -9,11063053
irene's 1 -9,11063053
irs 1 -9,11063053
irs's 1 -9,11063053
irving 1 -9,11063053
is 112 -5,07638989
isf 1 -9,11063053
island's 1 -9,11063053
islands 1 -9,11063053
isle 5 -8,01201824
isolation 1 -9,11063053
israel 2 -8,70516542
issue 1 -9,11063053
issues 2 -8,70516542
it 17 -6,91340595
it's 4 -8,19433980
italy 1 -9,11063053
its 26 -6,50794084
itw 1 -9,11063053
iuf 1 -9,11063053
ix 1 -9,11063053
j 1 -9,11063053
jack 1 -9,11063053
jacksonville 1 -9,11063053
jacob 1 -9,11063053
jamaica 1 -9,11063053
jamie 1 -9,11063053
japan 2 -8,70516542
jason 1 -9,11063053
jay 3 -8,41748335
jeff 1 -9,11063053
jelly 1 -9,11063053
jersey 6 -7,85786756
jm 1 -9,11063053
job 9 -7,50119262
jobless 1 -9,11063053
jobs 10 -7,40588244
jobsgopublic 1 -9,11063053
joe 1 -9,11063053
john 1 -9,11063053
join 2 -8,70516542
joined 2 -8,70516542
joining 2 -8,70516542
joins 1 -9,11063053
joint 2 -8,70516542
joint-venture 1 -9,11063053
jonathan 2 -8,70516542
jones 1 -9,11063053
jose 1 -9,11063053
josh 1 -9,11063053
journalism 1 -9,11063053
journeys 1 -9,11063053
jp 3 -8,41748335
jpg 1 -9,11063053
jpm 1 -9,11063053
jpmorgan 8 -7,60655313
jpmorgan's 1 -9,11063053
judge 11 -7,31887106
judging 1 -9,11063053
july 1 -9,11063053
jumped 1 -9,11063053
jumps 1 -9,11063053
june 3 -8,41748335
just 7 -7,72433617
k 6 -7,85786756
ka-shing's 1 -9,11063053
katharine 4 -8,19433980
kazarian 2 -8,70516542
keep 3 -8,41748335
keeping 1 -9,11063053
ken 1 -9,11063053
kevin 2 -8,70516542
key 4 -8,19433980
keynote 2 -8,70516542
keys 1 -9,11063053
kick 1 -9,11063053
kicks 1 -9,11063053
kickstart 1 -9,11063053
kids 2 -8,70516542
kilos 1 -9,11063053
kkr 1 -9,11063053
know 1 -9,11063053
knowledge 2 -8,70516542
knows 1 -9,11063053
kong 1 -9,11063053
krawcheck 1 -9,11063053
kuban 1 -9,11063053
l 2 -8,70516542
lab 2 -8,70516542
labour 2 -8,70516542
lack 1 -9,11063053
ladies 1 -9,11063053
lagos 1 -9,11063053
laibson 1 -9,11063053
lake 1 -9,11063053
lam 1 -9,11063053
lambast 1 -9,11063053
landlord 1 -9,11063053
landscape 2 -8,70516542
languages 1 -9,11063053
large 1 -9,11063053
large-scale 1 -9,11063053
largest 3 -8,41748335
last 8 -7,60655313
latam 1 -9,11063053
late 1 -9,11063053
latest 4 -8,19433980
latin 1 -9,11063053
launch 9 -7,50119262
launched 4 -8,19433980
launches 13 -7,16472038
launching 1 -9,11063053
laundering 2 -8,70516542
lawmakers 1 -9,11063053
lawsuit 1 -9,11063053
laying 1 -9,11063053
leach 1 -9,11063053
lead 9 -7,50119262
leader 3 -8,41748335
leaders 3 -8,41748335
leadership 5 -8,01201824
leading 2 -8,70516542
leads 1 -9,11063053
league 2 -8,70516542
learn 4 -8,19433980
learned 2 -8,70516542
learning 2 -8,70516542
learning-belo 1 -9,11063053
leave 2 -8,70516542
led 2 -8,70516542
ledbury 1 -9,11063053
lee 1 -9,11063053
leg 1 -9,11063053
legacy 2 -8,70516542
legal 3 -8,41748335
lender 4 -8,19433980
lenders 1 -9,11063053
lending 6 -7,85786756
lenses 1 -9,11063053
lent 1 -9,11063053
lesley 1 -9,11063053
less 5 -8,01201824
lesson 1 -9,11063053
lessons 4 -8,19433980
let 1 -9,11063053
let's 1 -9,11063053
lets 1 -9,11063053
lev 1 -9,11063053
levels 2 -8,70516542
leviathan 1 -9,11063053
lew 2 -8,70516542
leyte 1 -9,11063053
li 2 -8,70516542
libor 1 -9,11063053
library 1 -9,11063053
life 6 -7,85786756
lifelines 1 -9,11063053
lifelong 1 -9,11063053
lifesciences 1 -9,11063053
lifeskills 1 -9,11063053
lifestyles 1 -9,11063053
lifetime 1 -9,11063053
lights 1 -9,11063053
like 10 -7,40588244
likel 1 -9,11063053
likely 2 -8,70516542
limit 1 -9,11063053
limited 2 -8,70516542
line 2 -8,70516542
lines 2 -8,70516542
linkedin 2 -8,70516542
links 2 -8,70516542
liquid 1 -9,11063053
list 1 -9,11063053
listen 1 -9,11063053
listening 1 -9,11063053
lists 1 -9,11063053
literacy 2 -8,70516542
liters 1 -9,11063053
live 6 -7,85786756
livelihood 1 -9,11063053
livelihoods 1 -9,11063053
lives 4 -8,19433980
living 5 -8,01201824
llc 2 -8,70516542
lloyds 1 -9,11063053
loan 6 -7,85786756
loans 2 -8,70516542
lobby 2 -8,70516542
lobbying 1 -9,11063053
local 5 -8,01201824
located 1 -9,11063053
lockdown 2 -8,70516542
london 6 -7,85786756
long 2 -8,70516542
long-hours 1 -9,11063053
long-term 4 -8,19433980
longer 5 -8,01201824
longest 1 -9,11063053
look 1 -9,11063053
looking 1 -9,11063053
looks 2 -8,70516542
loop 1 -9,11063053
los 1 -9,11063053
lose 2 -8,70516542
loses 1 -9,11063053
lost 2 -8,70516542
lot 1 -9,11063053
love 1 -9,11063053
low 2 -8,70516542
low-income 1 -9,11063053
low-to-moderate 1 -9,11063053
ltd 1 -9,11063053
lunch 1 -9,11063053
lure 1 -9,11063053
lures 1 -9,11063053
luxury 1 -9,11063053
lynn 1 -9,11063053
m 16 -6,97056436
ma 2 -8,70516542
made 3 -8,41748335
madison 1 -9,11063053
madrian 1 -9,11063053
magic 1 -9,11063053
mai 1 -9,11063053
maiden 1 -9,11063053
mail 1 -9,11063053
main 1 -9,11063053
mainframe 1 -9,11063053
mainly 1 -9,11063053
mainstream 2 -8,70516542
maintaining 1 -9,11063053
major 7 -7,72433617
majority 1 -9,11063053
make 6 -7,85786756
makes 2 -8,70516542
making 1 -9,11063053
malaysia 1 -9,11063053
malcolm 1 -9,11063053
malnourished 2 -8,70516542
malnutrition 1 -9,11063053
man 6 -7,85786756
managed 1 -9,11063053
management 8 -7,60655313
manager 6 -7,85786756
managers 2 -8,70516542
mandela 1 -9,11063053
mandela's 1 -9,11063053
manhattan 2 -8,70516542
mansur 1 -9,11063053
manual 1 -9,11063053
manufactured 1 -9,11063053
manufacturing 2 -8,70516542
many 5 -8,01201824
map 1 -9,11063053
maps 1 -9,11063053
marc 1 -9,11063053
maria 2 -8,70516542
marinov 4 -8,19433980
mark 4 -8,19433980
market 17 -6,91340595
marketing 3 -8,41748335
marketplace 1 -9,11063053
markets 9 -7,50119262
marks 1 -9,11063053
marriage 2 -8,70516542
mason 1 -9,11063053
maternal 1 -9,11063053
math 1 -9,11063053
matters 1 -9,11063053
mature 1 -9,11063053
maximize 1 -9,11063053
may 9 -7,50119262
mayor 3 -8,41748335
mayors 1 -9,11063053
mbia 1 -9,11063053
mckinsey 1 -9,11063053
md 1 -9,11063053
mean 2 -8,70516542
meaning 1 -9,11063053
meaningful 1 -9,11063053
measure 2 -8,70516542
media 6 -7,85786756
median 1 -9,11063053
medical 4 -8,19433980
meet 1 -9,11063053
meetings 1 -9,11063053
melbourne 1 -9,11063053
member 4 -8,19433980
members 2 -8,70516542
membership 1 -9,11063053
men 1 -9,11063053
mentoring 1 -9,11063053
mentors 1 -9,11063053
menu 2 -8,70516542
met 1 -9,11063053
metlife 1 -9,11063053
metric 1 -9,11063053
mexican 2 -8,70516542
mexico 5 -8,01201824
mgmt 1 -9,11063053
mgt 1 -9,11063053
mi 1 -9,11063053
miami 2 -8,70516542
michael 3 -8,41748335
micro-biz 1 -9,11063053
micro-entrepreneurs 1 -9,11063053
micro-entrepreneurship 1 -9,11063053
micro-plants 1 -9,11063053
microbiota 1 -9,11063053
microbusinesses 1 -9,11063053
microdistribution 2 -8,70516542
microenterprises 1 -9,11063053
microentrepreneurs 3 -8,41748335
microentrepreneurship 1 -9,11063053
microloan 1 -9,11063053
microsoft's 1 -9,11063053
micrubs 1 -9,11063053
middle 2 -8,70516542
mike 2 -8,70516542
mil 1 -9,11063053
mile 1 -9,11063053
military 1 -9,11063053
milk 4 -8,19433980
milken 1 -9,11063053
milkman 1 -9,11063053
million 24 -6,58490188
millionaire 1 -9,11063053
millionaires 2 -8,70516542
mimimum 1 -9,11063053
minashi 1 -9,11063053
mind 1 -9,11063053
minds 1 -9,11063053
minimum 2 -8,70516542
ministry 2 -8,70516542
mission 8 -7,60655313
mistakes 1 -9,11063053
mistreated 1 -9,11063053
misunderstood 1 -9,11063053
mitch 1 -9,11063053
mitsui 1 -9,11063053
mixed 1 -9,11063053
mkts 2 -8,70516542
mln 2 -8,70516542
mm 3 -8,41748335
mo 2 -8,70516542
mobile-banking 1 -9,11063053
mobilize 1 -9,11063053
mobilized 1 -9,11063053
mock 1 -9,11063053
model 5 -8,01201824
moment 3 -8,41748335
momentum 1 -9,11063053
monetary 1 -9,11063053
money 7 -7,72433617
money2 2 -8,70516542
monitor 1 -9,11063053
mont 1 -9,11063053
month 1 -9,11063053
month's 1 -9,11063053
months 2 -8,70516542
more 41 -6,06610809
morgan 7 -7,72433617
morning 1 -9,11063053
moroccan 1 -9,11063053
morrison's 1 -9,11063053
mortgage 6 -7,85786756
mortgage-loan 1 -9,11063053
most 16 -6,97056436
mothers 2 -8,70516542
motivate 1 -9,11063053
motley 6 -7,85786756
mourning 1 -9,11063053
mouse 1 -9,11063053
move 3 -8,41748335
moved 2 -8,70516542
movers 2 -8,70516542
moves-pramerica 1 -9,11063053
moves-standard 1 -9,11063053
moving 2 -8,70516542
moynihan 1 -9,11063053
mr 2 -8,70516542
mt 3 -8,41748335
mtg 1 -9,11063053
much 2 -8,70516542
multinational 1 -9,11063053
mumford 1 -9,11063053
mur 1 -9,11063053
museum 2 -8,70516542
must-have 1 -9,11063053
my 2 -8,70516542
mydanone 1 -9,11063053
myth 1 -9,11063053
n 6 -7,85786756
name 2 -8,70516542
named 13 -7,16472038
names 3 -8,41748335
nandra 2 -8,70516542
national 3 -8,41748335
nations 1 -9,11063053
nationwide 1 -9,11063053
natur 1 -9,11063053
naveed 1 -9,11063053
nd 4 -8,19433980
ndtv 1 -9,11063053
near 1 -9,11063053
nearly 6 -7,85786756
necessarily 1 -9,11063053
necessary 1 -9,11063053
need 11 -7,31887106
needed 2 -8,70516542
needs 2 -8,70516542
neet 1 -9,11063053
negative 1 -9,11063053
negotiating 1 -9,11063053
nelson 1 -9,11063053
neocate 2 -8,70516542
network 17 -6,91340595
networking 4 -8,19433980
networks 3 -8,41748335
never 1 -9,11063053
nevertirees 1 -9,11063053
new 59 -5,70943315
newest 2 -8,70516542
newly 1 -9,11063053
news 3 -8,41748335
newsletter 1 -9,11063053
newspapers 1 -9,11063053
next 8 -7,60655313
nfp 1 -9,11063053
ngo 1 -9,11063053
ngos 2 -8,70516542
nick 2 -8,70516542
nigerian 1 -9,11063053
night 3 -8,41748335
niketan 1 -9,11063053
nikko 1 -9,11063053
nina 1 -9,11063053
nine 1 -9,11063053
nite 1 -9,11063053
nixon 2 -8,70516542
no 4 -8,19433980
nominees 1 -9,11063053
non-farm 1 -9,11063053
non-tech 1 -9,11063053
non-u 1 -9,11063053
nonexistent 1 -9,11063053
nonprofits 1 -9,11063053
noo 1 -9,11063053
noodls 3 -8,41748335
normal 2 -8,70516542
normally 1 -9,11063053
north 1 -9,11063053
not 13 -7,16472038
note 1 -9,11063053
nothing 1 -9,11063053
notion 1 -9,11063053
nov 1 -9,11063053
now 11 -7,31887106
nowak 2 -8,70516542
nowhere 2 -8,70516542
nudging 1 -9,11063053
number 2 -8,70516542
numbers 1 -9,11063053
nurture 1 -9,11063053
nutrici 1 -9,11063053
nutrigo 1 -9,11063053
nutrimed 1 -9,11063053
nutrition 11 -7,31887106
nutrition's 1 -9,11063053
nutritional 3 -8,41748335
nvq 1 -9,11063053
nyc 3 -8,41748335
nytimes 1 -9,11063053
obama 4 -8,19433980
objectives 1 -9,11063053
obtain 1 -9,11063053
occupations 1 -9,11063053
ocean 1 -9,11063053
oct 2 -8,70516542
oecd 2 -8,70516542
of 286 -4,14429549
off 3 -8,41748335
offer 3 -8,41748335
offering 2 -8,70516542
offers 1 -9,11063053
office 3 -8,41748335
officer 2 -8,70516542
officers 1 -9,11063053
official 1 -9,11063053
offline 1 -9,11063053
often 2 -8,70516542
oil 1 -9,11063053
okocha 1 -9,11063053
old 1 -9,11063053
older 1 -9,11063053
olympian 1 -9,11063053
olympic 8 -7,60655313
omi 1 -9,11063053
on 95 -5,23942952
one 16 -6,97056436
ones 1 -9,11063053
online 3 -8,41748335
only 5 -8,01201824
onsite 1 -9,11063053
opalesque 1 -9,11063053
opened 1 -9,11063053
opening 1 -9,11063053
openlend 1 -9,11063053
opens 1 -9,11063053
operational 1 -9,11063053
opportunities 5 -8,01201824
opportunity 1 -9,11063053
optimism 1 -9,11063053
optimistic 1 -9,11063053
optronics 1 -9,11063053
or 15 -7,03118899
order 1 -9,11063053
orders 1 -9,11063053
organic 4 -8,19433980
organizations 1 -9,11063053
organized 1 -9,11063053
origins 1 -9,11063053
orphans 1 -9,11063053
osteoporosis 1 -9,11063053
otc 2 -8,70516542
other 8 -7,60655313
others 3 -8,41748335
our 33 -6,27741718
out 6 -7,85786756
outbreak 1 -9,11063053
outdoor 1 -9,11063053
outlook 2 -8,70516542
outnumber 1 -9,11063053
outstanding 2 -8,70516542
ove 1 -9,11063053
over 21 -6,71273526
overall 3 -8,41748335
overseas 3 -8,41748335
overtake 2 -8,70516542
owes 1 -9,11063053
own 1 -9,11063053
owners 5 -8,01201824
ownership 1 -9,11063053
p 8 -7,60655313
pa 1 -9,11063053
pacific 1 -9,11063053
packagers 1 -9,11063053
pact 3 -8,41748335
pair 1 -9,11063053
paletuviers 1 -9,11063053
palm 1 -9,11063053
pam 2 -8,70516542
panama 1 -9,11063053
pandit 4 -8,19433980
panel 2 -8,70516542
paper 4 -8,19433980
paradigm 1 -9,11063053
paraguay 1 -9,11063053
paralympic 7 -7,72433617
parents 2 -8,70516542
park 2 -8,70516542
parker 1 -9,11063053
parks 3 -8,41748335
parsons 1 -9,11063053
part 11 -7,31887106
participants 1 -9,11063053
participate 1 -9,11063053
participated 1 -9,11063053
participating 3 -8,41748335
particularly 2 -8,70516542
partner 5 -8,01201824
partnered 1 -9,11063053
partnerns 1 -9,11063053
partners 7 -7,72433617
partnership 6 -7,85786756
partnerships 2 -8,70516542
parts 1 -9,11063053
party 1 -9,11063053
pass 1 -9,11063053
passing 1 -9,11063053
past 4 -8,19433980
path 1 -9,11063053
pathway 1 -9,11063053
pathways 2 -8,70516542
patience 1 -9,11063053
patient 1 -9,11063053
patients 1 -9,11063053
pattern 1 -9,11063053
paulo 1 -9,11063053
pavilion 2 -8,70516542
pay 6 -7,85786756
payday 1 -9,11063053
payment 3 -8,41748335
payments 1 -9,11063053
payroll 1 -9,11063053
pays 1 -9,11063053
pb 1 -9,11063053
pct 2 -8,70516542
peace 1 -9,11063053
pediatric 1 -9,11063053
pemulung 1 -9,11063053
pension 3 -8,41748335
people 22 -6,66828349
people's 1 -9,11063053
per 1 -9,11063053
percent 2 -8,70516542
perform 1 -9,11063053
performance 3 -8,41748335
perks 2 -8,70516542
personality 1 -9,11063053
persons 1 -9,11063053
pesos 1 -9,11063053
phenomenon 1 -9,11063053
phi 1 -9,11063053
philanthropic 1 -9,11063053
philanthropist 3 -8,41748335
philanthropists 6 -7,85786756
philanthropology 1 -9,11063053
philanthropy 13 -7,16472038
philippine 1 -9,11063053
philippines 1 -9,11063053
phone 1 -9,11063053
photiou 4 -8,19433980
photographing 1 -9,11063053
photography 2 -8,70516542
physical 5 -8,01201824
pick 1 -9,11063053
pickers 1 -9,11063053
picture 2 -8,70516542
pieces 1 -9,11063053
pine 1 -9,11063053
pionee 1 -9,11063053
pioneer 1 -9,11063053
pivotal 1 -9,11063053
place 3 -8,41748335
places 1 -9,11063053
plan 2 -8,70516542
planned 1 -9,11063053
planning 1 -9,11063053
plans 6 -7,85786756
planting 2 -8,70516542
platform 8 -7,60655313
play 2 -8,70516542
playing 1 -9,11063053
plays 1 -9,11063053
pledge 1 -9,11063053
ploy 1 -9,11063053
plus 1 -9,11063053
pm 3 -8,41748335
point 1 -9,11063053
police 2 -8,70516542
policy 3 -8,41748335
poor 4 -8,19433980
poor's 1 -9,11063053
population 3 -8,41748335
port 1 -9,11063053
portfolio 1 -9,11063053
portman 4 -8,19433980
position 1 -9,11063053
positions 2 -8,70516542
positive 4 -8,19433980
possible 2 -8,70516542
post 3 -8,41748335
postcard 1 -9,11063053
postgraduate 1 -9,11063053
potential 3 -8,41748335
poverty 9 -7,50119262
power 2 -8,70516542
ppl 2 -8,70516542
ppr 1 -9,11063053
pr 3 -8,41748335
practices 2 -8,70516542
praised 1 -9,11063053
prasad 1 -9,11063053
pre 1 -9,11063053
predicts 1 -9,11063053
predominately 1 -9,11063053
preferred 9 -7,50119262
premier 2 -8,70516542
premium 1 -9,11063053
prep 2 -8,70516542
prepaid 1 -9,11063053
prepares 1 -9,11063053
present 2 -8,70516542
presentation 1 -9,11063053
presenting 1 -9,11063053
presents 2 -8,70516542
preservation 2 -8,70516542
preserve 1 -9,11063053
presid 1 -9,11063053
president 7 -7,72433617
president's 1 -9,11063053
pressure 1 -9,11063053
prestigious 1 -9,11063053
preventing 1 -9,11063053
price 1 -9,11063053
primary 1 -9,11063053
prime 1 -9,11063053
principle 1 -9,11063053
printed 1 -9,11063053
priority 1 -9,11063053
pritzker 1 -9,11063053
private 14 -7,09572751
private-label 1 -9,11063053
prize 1 -9,11063053
pro 2 -8,70516542
probe 1 -9,11063053
probiotics 1 -9,11063053
problems 2 -8,70516542
produce 1 -9,11063053
produced 1 -9,11063053
producers 1 -9,11063053
producing 1 -9,11063053
product 5 -8,01201824
production 5 -8,01201824
productivity 1 -9,11063053
products 10 -7,40588244
prof 1 -9,11063053
professional 6 -7,85786756
professionals 2 -8,70516542
profile 1 -9,11063053
profit 2 -8,70516542
profitable 2 -8,70516542
program 19 -6,80804543
programme 2 -8,70516542
programs 3 -8,41748335
progress 4 -8,19433980
project 20 -6,75925527
projected 3 -8,41748335
projecting 1 -9,11063053
projections 1 -9,11063053
projects 8 -7,60655313
promote 3 -8,41748335
promoting 2 -8,70516542
prop 1 -9,11063053
property 2 -8,70516542
proposals 1 -9,11063053
proposition 1 -9,11063053
prosecutor 2 -8,70516542
prospect 1 -9,11063053
prospects 2 -8,70516542
prosperity 1 -9,11063053
protect 1 -9,11063053
protection 1 -9,11063053
proud 19 -6,80804543
proudly 1 -9,11063053
provide 5 -8,01201824
provider 1 -9,11063053
provides 2 -8,70516542
providing 2 -8,70516542
psychological 1 -9,11063053
pub 1 -9,11063053
public 8 -7,60655313
publishes 1 -9,11063053
pudong 1 -9,11063053
pull 1 -9,11063053
pursuing 1 -9,11063053
push 1 -9,11063053
pushes 4 -8,19433980
put 1 -9,11063053
putative 1 -9,11063053
pyramid 1 -9,11063053
q3 2 -8,70516542
q4 2 -8,70516542
qualification 1 -9,11063053
quality 1 -9,11063053
quarter 1 -9,11063053
quest 1 -9,11063053
questions 6 -7,85786756
quit 2 -8,70516542
ra 1 -9,11063053
racism 1 -9,11063053
raise 1 -9,11063053
raised 1 -9,11063053
raises 1 -9,11063053
raising 1 -9,11063053
range 2 -8,70516542
ranges 2 -8,70516542
rank 1 -9,11063053
ranks 1 -9,11063053
rapidly 1 -9,11063053
raskin 1 -9,11063053
rate 4 -8,19433980
rating 1 -9,11063053
ratings 1 -9,11063053
rattles 1 -9,11063053
rbc 2 -8,70516542
rbc's 2 -8,70516542
rbs 1 -9,11063053
rd 1 -9,11063053
re-launch 1 -9,11063053
reach 4 -8,19433980
reached 2 -8,70516542
readiness 2 -8,70516542
reading 1 -9,11063053
ready 1 -9,11063053
real-time 2 -8,70516542
realise 1 -9,11063053
reality 2 -8,70516542
really 2 -8,70516542
reap 1 -9,11063053
reasons 2 -8,70516542
rebecca 1 -9,11063053
rebels 1 -9,11063053
recalls 1 -9,11063053
receive 1 -9,11063053
received 1 -9,11063053
receives 3 -8,41748335
receiving 1 -9,11063053
recent 3 -8,41748335
recently 1 -9,11063053
recession 3 -8,41748335
recognised 1 -9,11063053
recognize 1 -9,11063053
recognized 2 -8,70516542
recognizing 1 -9,11063053
recommend 1 -9,11063053
recommendations 1 -9,11063053
reconciliation 1 -9,11063053
record 3 -8,41748335
record-high 2 -8,70516542
recorded 1 -9,11063053
recovery 3 -8,41748335
recycled 1 -9,11063053
red 1 -9,11063053
redemption 7 -7,72433617
redesigning 1 -9,11063053
redeveloped 1 -9,11063053
reduce 2 -8,70516542
reduced 2 -8,70516542
reforestation 1 -9,11063053
reform 2 -8,70516542
reforms 1 -9,11063053
refurbishing 1 -9,11063053
refuse 1 -9,11063053
regarding 1 -9,11063053
regional 1 -9,11063053
regions 1 -9,11063053
rehab 1 -9,11063053
rehabilitate 1 -9,11063053
reinvestment 1 -9,11063053
rejection 1 -9,11063053
relations 1 -9,11063053
release 3 -8,41748335
released 3 -8,41748335
religion 1 -9,11063053
religious 1 -9,11063053
remaining 3 -8,41748335
remains 2 -8,70516542
reminder 2 -8,70516542
remote 1 -9,11063053
renews 1 -9,11063053
renouard 1 -9,11063053
renovate 2 -8,70516542
repaint 1 -9,11063053
repay 2 -8,70516542
replanted 1 -9,11063053
report 31 -6,33804181
reporting 1 -9,11063053
reports 4 -8,19433980
representative 1 -9,11063053
represents 1 -9,11063053
republic 1 -9,11063053
republican 1 -9,11063053
repurchase 1 -9,11063053
reputation 2 -8,70516542
reputations 1 -9,11063053
req 1 -9,11063053
requirement 1 -9,11063053
requiring 1 -9,11063053
rescue 1 -9,11063053
research 7 -7,72433617
researcher 1 -9,11063053
researchers 1 -9,11063053
reserve 4 -8,19433980
residents 2 -8,70516542
resigning 1 -9,11063053
resolve 1 -9,11063053
resource 1 -9,11063053
resources 4 -8,19433980
responds 1 -9,11063053
response 3 -8,41748335
responsibility 3 -8,41748335
responsible 4 -8,19433980
rest 3 -8,41748335
restore 1 -9,11063053
result 1 -9,11063053
results 1 -9,11063053
retail 1 -9,11063053
retailing 1 -9,11063053
retention 1 -9,11063053
rethink 3 -8,41748335
retire 1 -9,11063053
return 1 -9,11063053
returning 2 -8,70516542
reusable 1 -9,11063053
reuters 19 -6,80804543
rev 1 -9,11063053
revenue 1 -9,11063053
revenues 1 -9,11063053
reverse 2 -8,70516542
review 1 -9,11063053
revitalize 2 -8,70516542
revitalizing 1 -9,11063053
rewarded 5 -8,01201824
rewards 2 -8,70516542
riboud 5 -8,01201824
rich 15 -7,03118899
richard 1 -9,11063053
richer 1 -9,11063053
richest 2 -8,70516542
richistan 1 -9,11063053
rifle 1 -9,11063053
right 24 -6,58490188
rightly 1 -9,11063053
rights 2 -8,70516542
rigorous 1 -9,11063053
ring 1 -9,11063053
rise 3 -8,41748335
rises 1 -9,11063053
rising 1 -9,11063053
risk 7 -7,72433617
riskier 2 -8,70516542
rival 1 -9,11063053
rivals 1 -9,11063053
river 1 -9,11063053
rob 3 -8,41748335
roberts 3 -8,41748335
rocked 1 -9,11063053
role 5 -8,01201824
roles 1 -9,11063053
romney 1 -9,11063053
rose 1 -9,11063053
rose-colored 1 -9,11063053
round 5 -8,01201824
roundup 1 -9,11063053
row 2 -8,70516542
royal 1 -9,11063053
rpt-banks 1 -9,11063053
rt 66 -5,59908509
ruins 1 -9,11063053
rule 1 -9,11063053
rules 3 -8,41748335
ruling 1 -9,11063053
rumor 1 -9,11063053
run 6 -7,85786756
runway 1 -9,11063053
rural 3 -8,41748335
russia 3 -8,41748335
ryan 1 -9,11063053
s 77 -5,44706888
sa 1 -9,11063053
saba 2 -8,70516542
safe 4 -8,19433980
safe-haven 1 -9,11063053
safer 3 -8,41748335
safest 2 -8,70516542
safety 6 -7,85786756
said 9 -7,50119262
sails 1 -9,11063053
sale 4 -8,19433980
sales 15 -7,03118899
salvador 1 -9,11063053
same 1 -9,11063053
same-sex 2 -8,70516542
san 2 -8,70516542
sande 1 -9,11063053
sanergy 1 -9,11063053
sao 1 -9,11063053
sarihusada 1 -9,11063053
saturday 1 -9,11063053
save 3 -8,41748335
saved 1 -9,11063053
savin 1 -9,11063053
saving 2 -8,70516542
savings 1 -9,11063053
say 3 -8,41748335
says 18 -6,85933873
scales 4 -8,19433980
scandal 1 -9,11063053
schedule 2 -8,70516542
scheme 1 -9,11063053
school 9 -7,50119262
schools 2 -8,70516542
schwab 2 -8,70516542
scientists 1 -9,11063053
scores 1 -9,11063053
sea 3 -8,41748335
seamus 1 -9,11063053
seaside 1 -9,11063053
sec 1 -9,11063053
second 2 -8,70516542
secret 1 -9,11063053
secrets 1 -9,11063053
sector 3 -8,41748335
secures 1 -9,11063053
securing 2 -8,70516542
securit 1 -9,11063053
securiti 1 -9,11063053
securities 31 -6,33804181
securitization 6 -7,85786756
security 6 -7,85786756
see 2 -8,70516542
seem 1 -9,11063053
seen 3 -8,41748335
sees 1 -9,11063053
segment 2 -8,70516542
selective 1 -9,11063053
self-directed 1 -9,11063053
self-employed 1 -9,11063053
sell 5 -8,01201824
sellers 1 -9,11063053
selling 1 -9,11063053
semilla 2 -8,70516542
senate 1 -9,11063053
sends 5 -8,01201824
senior 1 -9,11063053
sensation 1 -9,11063053
sensitize 1 -9,11063053
september 1 -9,11063053
series 3 -8,41748335
serious 1 -9,11063053
serve 2 -8,70516542
served 1 -9,11063053
servi 1 -9,11063053
service 6 -7,85786756
services 5 -8,01201824
serving 1 -9,11063053
set 3 -8,41748335
sets 1 -9,11063053
setting 2 -8,70516542
settle 1 -9,11063053
settlement 7 -7,72433617
severely 1 -9,11063053
severino 1 -9,11063053
sg 1 -9,11063053
shadow 1 -9,11063053
shaken 1 -9,11063053
shanghai 1 -9,11063053
share 10 -7,40588244
shareholder 3 -8,41748335
shareholders 1 -9,11063053
shares 5 -8,01201824
sharing 4 -8,19433980
she 1 -9,11063053
shedding 3 -8,41748335
sheets 1 -9,11063053
sheila 1 -9,11063053
sheldon 1 -9,11063053
shelters 1 -9,11063053
shoes 1 -9,11063053
shops 1 -9,11063053
shortlisted 1 -9,11063053
should 5 -8,01201824
show 2 -8,70516542
showing 1 -9,11063053
shows 5 -8,01201824
shutdown 1 -9,11063053
sick 1 -9,11063053
siel 2 -8,70516542
signed 1 -9,11063053
significantly 1 -9,11063053
silver 2 -8,70516542
similar 1 -9,11063053
simple 1 -9,11063053
simply 1 -9,11063053
since 6 -7,85786756
sing 2 -8,70516542
singapore 1 -9,11063053
single 1 -9,11063053
sinopec 1 -9,11063053
sioux 1 -9,11063053
siripurapu 1 -9,11063053
sirma 1 -9,11063053
sit 1 -9,11063053
site 2 -8,70516542
six 2 -8,70516542
skills 3 -8,41748335
skyler 1 -9,11063053
skype 1 -9,11063053
slaughter 1 -9,11063053
sleet 1 -9,11063053
slightly 1 -9,11063053
slips 1 -9,11063053
slow 1 -9,11063053
slows 1 -9,11063053
slumping 2 -8,70516542
small 3 -8,41748335
smaller 1 -9,11063053
smith 1 -9,11063053
snow 1 -9,11063053
so 3 -8,41748335
soar 1 -9,11063053
soars 1 -9,11063053
sochi 1 -9,11063053
social 29 -6,40258033
socially 1 -9,11063053
societal 1 -9,11063053
society 1 -9,11063053
socio-economic 1 -9,11063053
sold 2 -8,70516542
solicitation 2 -8,70516542
solid 4 -8,19433980
solidarity-based 1 -9,11063053
solution 1 -9,11063053
solutions 5 -8,01201824
solve 1 -9,11063053
some 1 -9,11063053
someone 1 -9,11063053
something 1 -9,11063053
sometimes 2 -8,70516542
sometimes-controversial 1 -9,11063053
son 1 -9,11063053
song 1 -9,11063053
sons 1 -9,11063053
soon 2 -8,70516542
soros 1 -9,11063053
source 3 -8,41748335
sources 10 -7,40588244
south 6 -7,85786756
southeast 1 -9,11063053
spaces 1 -9,11063053
spain 8 -7,60655313
spanish 1 -9,11063053
speak 2 -8,70516542
speakers 1 -9,11063053
special 3 -8,41748335
specialized 1 -9,11063053
spend 1 -9,11063053
spending 1 -9,11063053
spent 2 -8,70516542
spinoffs 2 -8,70516542
split 2 -8,70516542
splits 1 -9,11063053
sponsor 10 -7,40588244
sponsored 2 -8,70516542
sponsors 4 -8,19433980
sponsorship 8 -7,60655313
spoon 1 -9,11063053
sport 1 -9,11063053
spread 1 -9,11063053
sprint 2 -8,70516542
spur 3 -8,41748335
squad 1 -9,11063053
square 4 -8,19433980
squawkbox 1 -9,11063053
srinivas 1 -9,11063053
st 10 -7,40588244
staff 3 -8,41748335
stages 1 -9,11063053
stake 4 -8,19433980
standard 5 -8,01201824
standards 1 -9,11063053
stanley's 2 -8,70516542
stars 1 -9,11063053
start-up 2 -8,70516542
start-ups 1 -9,11063053
started 1 -9,11063053
startup 2 -8,70516542
startups 1 -9,11063053
stat 1 -9,11063053
state 5 -8,01201824
state-owned 1 -9,11063053
statement 1 -9,11063053
states 2 -8,70516542
stay 4 -8,19433980
steep 1 -9,11063053
stempel 1 -9,11063053
step 2 -8,70516542
steps 4 -8,19433980
sterling 1 -9,11063053
steve 1 -9,11063053
still 4 -8,19433980
stimulate 1 -9,11063053
stimulates 1 -9,11063053
stirred 1 -9,11063053
stock 9 -7,50119262
stockbrokers 1 -9,11063053
stocks 16 -6,97056436
stop 2 -8,70516542
stops 3 -8,41748335
stories 1 -9,11063053
storm 1 -9,11063053
story 2 -8,70516542
straight 2 -8,70516542
strategic 4 -8,19433980
strategies 2 -8,70516542
strategist 4 -8,19433980
strategy 7 -7,72433617
strawberry 1 -9,11063053
street 9 -7,50119262
street's 1 -9,11063053
strengthen 4 -8,19433980
strengthening 2 -8,70516542
stress 5 -8,01201824
stricter 1 -9,11063053
strike 1 -9,11063053
strips 1 -9,11063053
strong 7 -7,72433617
stronger 1 -9,11063053
strongly 1 -9,11063053
structured 1 -9,11063053
strugg 1 -9,11063053
struggling 2 -8,70516542
student 1 -9,11063053
students 6 -7,85786756
studies 1 -9,11063053
study 4 -8,19433980
su 1 -9,11063053
sub 1 -9,11063053
submissions 1 -9,11063053
subsidiaries 1 -9,11063053
substantially 1 -9,11063053
succeed 1 -9,11063053
success 7 -7,72433617
successful 2 -8,70516542
successfully 1 -9,11063053
succession 1 -9,11063053
sued 2 -8,70516542
suffer 2 -8,70516542
suffered 1 -9,11063053
suggesting 1 -9,11063053
suit 1 -9,11063053
suitable 1 -9,11063053
sukuk 1 -9,11063053
sultan 1 -9,11063053
sumitomo 1 -9,11063053
summer 1 -9,11063053
summit 3 -8,41748335
summitt 1 -9,11063053
sun 3 -8,41748335
super-collectors 1 -9,11063053
super-rich 1 -9,11063053
superpowers 1 -9,11063053
suppliers 1 -9,11063053
supply 1 -9,11063053
support 25 -6,54568117
supported 1 -9,11063053
supporting 8 -7,60655313
supports 13 -7,16472038
suriname 1 -9,11063053
surplus 1 -9,11063053
surprising 1 -9,11063053
surviving 1 -9,11063053
survivors 2 -8,70516542
sustain 1 -9,11063053
sustainability 3 -8,41748335
sustainable 7 -7,72433617
sustaining 1 -9,11063053
sweeping 1 -9,11063053
switching 2 -8,70516542
swoop 1 -9,11063053
sydney 1 -9,11063053
symantec 1 -9,11063053
synthetic 1 -9,11063053
syria's 1 -9,11063053
system 2 -8,70516542
t 4 -8,19433980
tackle 1 -9,11063053
tackling 2 -8,70516542
taiwan 1 -9,11063053
take 6 -7,85786756
takeover 1 -9,11063053
takes 1 -9,11063053
taking 5 -8,01201824
talent 1 -9,11063053
talents 1 -9,11063053
talk 3 -8,41748335
talking 1 -9,11063053
talks 5 -8,01201824
tampa 1 -9,11063053
taps 1 -9,11063053
taste 1 -9,11063053
tax 6 -7,85786756
taxes 1 -9,11063053
taxing 1 -9,11063053
taylor 1 -9,11063053
teach 2 -8,70516542
teachable 1 -9,11063053
teachers 1 -9,11063053
team 11 -7,31887106
team's 1 -9,11063053
teams 8 -7,60655313
teamwork 1 -9,11063053
tech 4 -8,19433980
tech-related 1 -9,11063053
technical 1 -9,11063053
technological 1 -9,11063053
technology 1 -9,11063053
teens 1 -9,11063053
telegraph 1 -9,11063053
tells 3 -8,41748335
temporary 1 -9,11063053
ten 2 -8,70516542
terisse 2 -8,70516542
term 2 -8,70516542
terragr 1 -9,11063053
territory 1 -9,11063053
test 4 -8,19433980
testing 1 -9,11063053
tests 2 -8,70516542
texas 3 -8,41748335
th 7 -7,72433617
tha 1 -9,11063053
than 21 -6,71273526
thank 4 -8,19433980
thanks 3 -8,41748335
that 34 -6,24842965
the 413 -3,77791173
their 22 -6,66828349
them 7 -7,72433617
then 1 -9,11063053
theravance 1 -9,11063053
there 1 -9,11063053
there'll 1 -9,11063053
there's 2 -8,70516542
these 2 -8,70516542
they 6 -7,85786756
they're 1 -9,11063053
thi 1 -9,11063053
thing 2 -8,70516542
think 6 -7,85786756
thinking 1 -9,11063053
third 1 -9,11063053
this 20 -6,75925527
thks 1 -9,11063053
those 1 -9,11063053
thought 2 -8,70516542
thoughts 1 -9,11063053
threaten 1 -9,11063053
three 2 -8,70516542
three-year 1 -9,11063053
through 7 -7,72433617
thru 2 -8,70516542
thursday 2 -8,70516542
tick 1 -9,11063053
ticker 1 -9,11063053
tie-up 1 -9,11063053
tigers 1 -9,11063053
tim 5 -8,01201824
time 16 -6,97056436
times 4 -8,19433980
timewise 1 -9,11063053
timing 1 -9,11063053
tip 2 -8,70516542
tips 1 -9,11063053
tireless 1 -9,11063053
to 370 -3,88757565
today 10 -7,40588244
today's 4 -8,19433980
together 4 -8,19433980
tom 1 -9,11063053
tomorrow 1 -9,11063053
tomorrow's 3 -8,41748335
tonight 1 -9,11063053
too 4 -8,19433980
took 1 -9,11063053
tool 1 -9,11063053
tools 3 -8,41748335
top 6 -7,85786756
top-priority 1 -9,11063053
topaz 1 -9,11063053
topic 1 -9,11063053
toppings 1 -9,11063053
total 2 -8,70516542
tough 1 -9,11063053
tour 6 -7,85786756
toured 1 -9,11063053
tourism 1 -9,11063053
tournament 1 -9,11063053
tower 1 -9,11063053
towns 1 -9,11063053
toxic 2 -8,70516542
tpg 1 -9,11063053
track 2 -8,70516542
tracking 2 -8,70516542
tracks 1 -9,11063053
trade 45 -5,97513631
trade-weighted 1 -9,11063053
traded 8 -7,60655313
trader 6 -7,85786756
traders 9 -7,50119262
trades 5 -8,01201824
trading 4 -8,19433980
tradition 2 -8,70516542
trafficking-manhattan 2 -8,70516542
trail 2 -8,70516542
train 2 -8,70516542
training 7 -7,72433617
transaction 1 -9,11063053
transforming 2 -8,70516542
transforms 1 -9,11063053
transition 1 -9,11063053
transparency 3 -8,41748335
transparent 1 -9,11063053
transportation 1 -9,11063053
travel 1 -9,11063053
treasury 4 -8,19433980
treatments 1 -9,11063053
tree 1 -9,11063053
trees 2 -8,70516542
trends 1 -9,11063053
tricky 1 -9,11063053
tries 1 -9,11063053
triple 2 -8,70516542
trophy 1 -9,11063053
trouble 1 -9,11063053
trups 1 -9,11063053
trust 9 -7,50119262
tucson 1 -9,11063053
tuesday 2 -8,70516542
tully 1 -9,11063053
tumble 1 -9,11063053
tune 1 -9,11063053
turkish 1 -9,11063053
turn 3 -8,41748335
turned 1 -9,11063053
turner 1 -9,11063053
turning 1 -9,11063053
turtle 2 -8,70516542
turtles 2 -8,70516542
tv 2 -8,70516542
two 7 -7,72433617
two-step 1 -9,11063053
tycoon 1 -9,11063053
types 1 -9,11063053
typhoon 3 -8,41748335
u 29 -6,40258033
uae 1 -9,11063053
ubs 1 -9,11063053
ubs's 1 -9,11063053
uja-federation 1 -9,11063053
uk 12 -7,23882835
ukraine 1 -9,11063053
unbanked 3 -8,41748335
uncertainty 1 -9,11063053
unconventional 1 -9,11063053
under 5 -8,01201824
underbanked 2 -8,70516542
underline 1 -9,11063053
underlying 1 -9,11063053
underprivileged 1 -9,11063053
underscores 1 -9,11063053
understand 1 -9,11063053
understanding 3 -8,41748335
undervalued 1 -9,11063053
underwrite 1 -9,11063053
unemployed 1 -9,11063053
unemployment 1 -9,11063053
unequal 1 -9,11063053
unfortunately 1 -9,11063053
unhappy 1 -9,11063053
unicef 1 -9,11063053
union 1 -9,11063053
unique 1 -9,11063053
uniquely 1 -9,11063053
unit 1 -9,11063053
unit-sources 1 -9,11063053
united 2 -8,70516542
units 1 -9,11063053
universal 1 -9,11063053
unprecedented 1 -9,11063053
unsustainable 1 -9,11063053
unsustainably 1 -9,11063053
until 1 -9,11063053
unveiled 1 -9,11063053
unveils 2 -8,70516542
up 12 -7,23882835
upbeat 1 -9,11063053
upcoming 1 -9,11063053
update 7 -7,72433617
upgrades 2 -8,70516542
upm 1 -9,11063053
ups 1 -9,11063053
upside 2 -8,70516542
urban 6 -7,85786756
us 16 -6,97056436
usa 5 -8,01201824
usd 1 -9,11063053
use 1 -9,11063053
used 1 -9,11063053
used-digital-song 1 -9,11063053
users 1 -9,11063053
uses 1 -9,11063053
usually 1 -9,11063053
utility 1 -9,11063053
utrecht 1 -9,11063053
valentin 4 -8,19433980
value 4 -8,19433980
valued 1 -9,11063053
values 1 -9,11063053
vanni 1 -9,11063053
vegas 1 -9,11063053
venezuelan 1 -9,11063053
venture 1 -9,11063053
very 2 -8,70516542
veterans 3 -8,41748335
vets 1 -9,11063053
via 14 -7,09572751
vice 3 -8,41748335
victims 1 -9,11063053
victoria 1 -9,11063053
video 6 -7,85786756
views 1 -9,11063053
vii 2 -8,70516542
vikram 4 -8,19433980
villa 1 -9,11063053
villages 1 -9,11063053
violations 1 -9,11063053
violence 2 -8,70516542
virtual 3 -8,41748335
vision 2 -8,70516542
visitors 1 -9,11063053
vital 2 -8,70516542
vivendi 1 -9,11063053
voice 2 -8,70516542
voices 1 -9,11063053
volatility 1 -9,11063053
volcano 1 -9,11063053
volcker 2 -8,70516542
volume 1 -9,11063053
volumes 2 -8,70516542
voluntary 2 -8,70516542
volunteer 2 -8,70516542
volunteering 2 -8,70516542
volunteers 4 -8,19433980
volvic 1 -9,11063053
voted 1 -9,11063053
vs 1 -9,11063053
vulnerable 1 -9,11063053
w 3 -8,41748335
wage-backed 1 -9,11063053
wages 1 -9,11063053
wait 1 -9,11063053
waiting 1 -9,11063053
wal-mart's 1 -9,11063053
walk 2 -8,70516542
walking 2 -8,70516542
wall 9 -7,50119262
want 1 -9,11063053
wants 2 -8,70516542
war 1 -9,11063053
warburg's 1 -9,11063053
ward 2 -8,70516542
warms 1 -9,11063053
warn 1 -9,11063053
warning 2 -8,70516542
warrants 1 -9,11063053
wary 1 -9,11063053
was 9 -7,50119262
wash 1 -9,11063053
waste 1 -9,11063053
watch 3 -8,41748335
water 2 -8,70516542
way 7 -7,72433617
ways 3 -8,41748335
we 32 -6,30727015
we're 4 -8,19433980
we've 1 -9,11063053
weakness 1 -9,11063053
wealth 60 -5,69290384
wealth's 1 -9,11063053
wealthy 6 -7,85786756
weather 2 -8,70516542
web 1 -9,11063053
wednesday 2 -8,70516542
week 4 -8,19433980
weekly 1 -9,11063053
weeks 1 -9,11063053
weighing 1 -9,11063053
weighs 3 -8,41748335
weight 2 -8,70516542
weird 1 -9,11063053
welcome 2 -8,70516542
welcomes 1 -9,11063053
welcoming 1 -9,11063053
welfare 1 -9,11063053
well 1 -9,11063053
well-being 5 -8,01201824
wellian 1 -9,11063053
wells 1 -9,11063053
west 1 -9,11063053
whale 2 -8,70516542
what 18 -6,85933873
what's 1 -9,11063053
wheel 1 -9,11063053
when 10 -7,40588244
where 1 -9,11063053
which 2 -8,70516542
while 6 -7,85786756
white 2 -8,70516542
who 9 -7,50119262
whole 3 -8,41748335
why 5 -8,01201824
wide 1 -9,11063053
widely 1 -9,11063053
widows 1 -9,11063053
will 36 -6,19285980
win 4 -8,19433980
windham 1 -9,11063053
wine 1 -9,11063053
winner 5 -8,01201824
winners 4 -8,19433980
wins 10 -7,40588244
winter 1 -9,11063053
wiranto 1 -9,11063053
wire 3 -8,41748335
wise 1 -9,11063053
with 102 -5,16904872
within 1 -9,11063053
without 1 -9,11063053
witness 1 -9,11063053
wockhardt 1 -9,11063053
wolff 1 -9,11063053
woman 1 -9,11063053
women 16 -6,97056436
women's 2 -8,70516542
won 6 -7,85786756
won't 1 -9,11063053
wonderful 1 -9,11063053
wonders 1 -9,11063053
work 40 -6,09020564
workaround 3 -8,41748335
worke 1 -9,11063053
worked 2 -8,70516542
workers 5 -8,01201824
workforce 4 -8,19433980
working 15 -7,03118899
workplace 5 -8,01201824
works 1 -9,11063053
workshop 1 -9,11063053
workshops 1 -9,11063053
world 17 -6,91340595
world's 2 -8,70516542
worldwide 2 -8,70516542
worry 1 -9,11063053
worst 1 -9,11063053
worth 1 -9,11063053
worthless 1 -9,11063053
would 3 -8,41748335
wows 1 -9,11063053
wrongdoers 1 -9,11063053
wrongdoing 1 -9,11063053
wsj 17 -6,91340595
ww 1 -9,11063053
x 3 -8,41748335
xi 1 -9,11063053
xo 1 -9,11063053
xv 1 -9,11063053
xvi 2 -8,70516542
y 1 -9,11063053
yachters 1 -9,11063053
yachts 1 -9,11063053
year 25 -6,54568117
year's 2 -8,70516542
year-out 1 -9,11063053
years 12 -7,23882835
yesterday 1 -9,11063053
yield 4 -8,19433980
yo-jelly 1 -9,11063053
yoghurt 2 -8,70516542
yogurt 5 -8,01201824
yolanda 2 -8,70516542
york 9 -7,50119262
york's 2 -8,70516542
you 24 -6,58490188
you're 2 -8,70516542
you've 1 -9,11063053
young 4 -8,19433980
your 12 -7,23882835
youth 7 -7,72433617
youths 1 -9,11063053
yr 6 -7,85786756
yrs 5 -8,01201824
z 1 -9,11063053
