205
2762
_UNK_ 0 -8,854950
- 7 -6,77550877
_HASHTAG_ 191 -3,59745494
_MENTION_ 274 -3,23817922
_NUMBER_ 38 -5,19138867
_URL_ 100 -4,23982980
_inyte-tyla 1 -8,16180314
a 70 -4,59227044
aa 1 -8,16180314
about 5 -7,06319085
access 6 -6,90904017
across 1 -8,16180314
actually 1 -8,16180314
added 1 -8,16180314
adele 1 -8,16180314
adventure 1 -8,16180314
aero 1 -8,16180314
affected 1 -8,16180314
again 1 -8,16180314
agree 1 -8,16180314
agreed 1 -8,16180314
ahead 1 -8,16180314
aksi 2 -7,75633803
all 10 -6,45705504
alliance 1 -8,16180314
allow 1 -8,16180314
almost 1 -8,16180314
along 1 -8,16180314
amazing 2 -7,75633803
amounts 8 -6,65772574
an 3 -7,46865596
and 19 -5,85921804
angeles 1 -8,16180314
answer 1 -8,16180314
any 1 -8,16180314
anyhoo 1 -8,16180314
app 1 -8,16180314
are 7 -6,77550877
around 2 -7,75633803
as 2 -7,75633803
asset 1 -8,16180314
assure 1 -8,16180314
at 16 -6,02173697
australia 2 -7,75633803
australian 2 -7,75633803
award 6 -6,90904017
awards 5 -7,06319085
awesome 3 -7,46865596
awesome- 1 -8,16180314
baby 4 -7,24551240
back 14 -6,14690012
banamex 1 -8,16180314
bandung 1 -8,16180314
bank 2 -7,75633803
bartlett 1 -8,16180314
batch 1 -8,16180314
be 19 -5,85921804
beach 1 -8,16180314
beautiful 2 -7,75633803
been 4 -7,24551240
being 2 -7,75633803
belief 1 -8,16180314
believe 4 -7,24551240
best 2 -7,75633803
biopori 2 -7,75633803
blame 1 -8,16180314
born 1 -8,16180314
both 1 -8,16180314
bottom-up 1 -8,16180314
building 2 -7,75633803
but 3 -7,46865596
by 5 -7,06319085
cali 2 -7,75633803
call 3 -7,46865596
caloy 1 -8,16180314
cambodia 1 -8,16180314
campaign 2 -7,75633803
can 2 -7,75633803
can't 2 -7,75633803
care 2 -7,75633803
caused 1 -8,16180314
celebrate 2 -7,75633803
celebrated 1 -8,16180314
change 1 -8,16180314
channel 1 -8,16180314
check 1 -8,16180314
checked 1 -8,16180314
chocolate 8 -6,65772574
christina 2 -7,75633803
citi 4 -7,24551240
citibank 1 -8,16180314
city 1 -8,16180314
clarification 1 -8,16180314
clean 1 -8,16180314
coast 1 -8,16180314
collaborative 1 -8,16180314
colleagues 3 -7,46865596
college 2 -7,75633803
colombia 3 -7,46865596
com 1 -8,16180314
commended 1 -8,16180314
committed 1 -8,16180314
comms 1 -8,16180314
community 14 -6,14690012
compartiendo 1 -8,16180314
con 1 -8,16180314
conditions 1 -8,16180314
conducted 1 -8,16180314
conductors 1 -8,16180314
conference 2 -7,75633803
confirm 2 -7,75633803
confirmed 1 -8,16180314
congrats 8 -6,65772574
congratulations 5 -7,06319085
consumer 1 -8,16180314
consumption 1 -8,16180314
cont 1 -8,16180314
contact 1 -8,16180314
context 1 -8,16180314
contributions 2 -7,75633803
conversation 1 -8,16180314
cool 1 -8,16180314
coral 1 -8,16180314
corporate 1 -8,16180314
costa 1 -8,16180314
could 1 -8,16180314
countries 2 -7,75633803
country 1 -8,16180314
crunch 2 -7,75633803
crunches 2 -7,75633803
customer 1 -8,16180314
dadathiti 1 -8,16180314
dan 1 -8,16180314
dance 1 -8,16180314
danone 1 -8,16180314
darlene 1 -8,16180314
data 1 -8,16180314
day 24 -5,63607449
de 1 -8,16180314
delay 1 -8,16180314
details 6 -6,90904017
developer 1 -8,16180314
developing 2 -7,75633803
diabetes 2 -7,75633803
difference 4 -7,24551240
digital 1 -8,16180314
diversity 1 -8,16180314
do 2 -7,75633803
doesn't 1 -8,16180314
done 5 -7,06319085
doubts 3 -7,46865596
dr 1 -8,16180314
draining 4 -7,24551240
e-mail 1 -8,16180314
each 2 -7,75633803
early 1 -8,16180314
ed 2 -7,75633803
educated 1 -8,16180314
effort 2 -7,75633803
el 1 -8,16180314
employee 3 -7,46865596
employer 1 -8,16180314
en 3 -7,46865596
end 2 -7,75633803
enjoyed 1 -8,16180314
enthusiastic 1 -8,16180314
escuela 1 -8,16180314
especially 1 -8,16180314
event 1 -8,16180314
everyone 2 -7,75633803
expanding 1 -8,16180314
experience 1 -8,16180314
factory 1 -8,16180314
family 2 -7,75633803
fantastic 1 -8,16180314
farm 1 -8,16180314
farms 1 -8,16180314
fathers 1 -8,16180314
favourite 2 -7,75633803
female 1 -8,16180314
festival 1 -8,16180314
finalists 2 -7,75633803
finishing 1 -8,16180314
firmly 2 -7,75633803
follow 1 -8,16180314
followers 2 -7,75633803
following 1 -8,16180314
food 3 -7,46865596
for 69 -4,60645507
force 1 -8,16180314
formula 21 -5,76390786
forward 3 -7,46865596
france 4 -7,24551240
french 1 -8,16180314
from 5 -7,06319085
fun 5 -7,06319085
further 2 -7,75633803
gathered 1 -8,16180314
gcd 4 -7,24551240
get 2 -7,75633803
girls 1 -8,16180314
give 1 -8,16180314
giving 12 -6,29000096
glad 1 -8,16180314
global 14 -6,14690012
globe 1 -8,16180314
go 1 -8,16180314
gold 27 -5,52274581
good 9 -6,55236522
got 1 -8,16180314
gra 1 -8,16180314
great 49 -4,94292731
greenpeace 1 -8,16180314
groundwater 2 -7,75633803
guadalajara 1 -8,16180314
guatemala 1 -8,16180314
gulfo 1 -8,16180314
guys 1 -8,16180314
h 24 -5,63607449
hahaha 1 -8,16180314
happened 1 -8,16180314
happiness 1 -8,16180314
happy 7 -6,77550877
hard 2 -7,75633803
harder 1 -8,16180314
harlem 1 -8,16180314
harvest 2 -7,75633803
has 3 -7,46865596
hasn't 1 -8,16180314
hausa 1 -8,16180314
have 24 -5,63607449
health 2 -7,75633803
healthcare 1 -8,16180314
healthy 5 -7,06319085
hear 2 -7,75633803
hello 4 -7,24551240
here 10 -6,45705504
here's 1 -8,16180314
hi 5 -7,06319085
hilleman 1 -8,16180314
hiv 1 -8,16180314
holiday 2 -7,75633803
honor 2 -7,75633803
honored 2 -7,75633803
hope 1 -8,16180314
hosts 1 -8,16180314
hour 1 -8,16180314
how 1 -8,16180314
human 5 -7,06319085
i 2 -7,75633803
if 1 -8,16180314
improving 1 -8,16180314
in 31 -5,38921441
inconvenience 1 -8,16180314
inconvenienced 1 -8,16180314
independence 1 -8,16180314
infant 19 -5,85921804
info 10 -6,45705504
information 2 -7,75633803
initiative 1 -8,16180314
initiatives 1 -8,16180314
international 1 -8,16180314
into 3 -7,46865596
irtra 1 -8,16180314
is 36 -5,24403240
issue 2 -7,75633803
it 11 -6,37004367
it's 3 -7,46865596
jacksonville 2 -7,75633803
jennifer 1 -8,16180314
job 4 -7,24551240
join 1 -8,16180314
just 1 -8,16180314
keep 4 -7,24551240
kuala 1 -8,16180314
kudos 4 -7,24551240
la 2 -7,75633803
ladies 1 -8,16180314
lagos 1 -8,16180314
latest 3 -7,46865596
leadership 1 -8,16180314
libertad 1 -8,16180314
library 2 -7,75633803
like 5 -7,06319085
lima 1 -8,16180314
limited 9 -6,55236522
link 1 -8,16180314
lisajane 1 -8,16180314
lithuania 1 -8,16180314
look 2 -7,75633803
looking 4 -7,24551240
looks 4 -7,24551240
los 2 -7,75633803
lot 3 -7,46865596
lubang 2 -7,75633803
luck 1 -8,16180314
lumpur 1 -8,16180314
made 1 -8,16180314
maintain 1 -8,16180314
make 3 -7,46865596
making 3 -7,46865596
many 1 -8,16180314
marielis 1 -8,16180314
mario 1 -8,16180314
markets 1 -8,16180314
maybe 1 -8,16180314
me 1 -8,16180314
media 3 -7,46865596
meeting 1 -8,16180314
mention 1 -8,16180314
merck 1 -8,16180314
message 1 -8,16180314
michelle 1 -8,16180314
might 1 -8,16180314
milan 1 -8,16180314
mile 2 -7,75633803
mirga 1 -8,16180314
mixed 1 -8,16180314
model 1 -8,16180314
month 1 -8,16180314
more 18 -5,91051134
morning 2 -7,75633803
mt 4 -7,24551240
my 2 -7,75633803
nacinovich 1 -8,16180314
nan 24 -5,63607449
nesquik 8 -6,65772574
nestl 1 -8,16180314
nestle 3 -7,46865596
new 2 -7,75633803
news 2 -7,75633803
next 2 -7,75633803
ngampol_p 1 -8,16180314
ni 1 -8,16180314
nice 4 -7,24551240
no 4 -7,24551240
nomination 2 -7,75633803
not 6 -6,90904017
now 2 -7,75633803
nyc 1 -8,16180314
of 27 -5,52274581
on 5 -7,06319085
one 1 -8,16180314
only 9 -6,55236522
ops 1 -8,16180314
or 1 -8,16180314
oracle 1 -8,16180314
os 1 -8,16180314
other 1 -8,16180314
our 30 -5,42096311
out 3 -7,46865596
outstanding 1 -8,16180314
over 1 -8,16180314
painting 1 -8,16180314
pakistan's 2 -7,75633803
park 2 -7,75633803
parque 1 -8,16180314
part 3 -7,46865596
partner 4 -7,24551240
partners 1 -8,16180314
passionate 1 -8,16180314
past 1 -8,16180314
pembuatan 2 -7,75633803
people 1 -8,16180314
person 1 -8,16180314
peru 1 -8,16180314
petapa 1 -8,16180314
pfizer 1 -8,16180314
pfizer's 2 -7,75633803
photo 15 -6,08236159
photo-thanks 1 -8,16180314
photos 3 -7,46865596
pic 7 -6,77550877
plant 1 -8,16180314
plantando 1 -8,16180314
planting 1 -8,16180314
playground 1 -8,16180314
please 5 -7,06319085
powder 8 -6,65772574
presentation 1 -8,16180314
presented 1 -8,16180314
presenters 1 -8,16180314
print 1 -8,16180314
productive 1 -8,16180314
products 2 -7,75633803
program 1 -8,16180314
project 1 -8,16180314
proud 21 -5,76390786
prweek's 1 -8,16180314
questions 2 -7,75633803
r 1 -8,16180314
rboles 1 -8,16180314
ready 3 -7,46865596
reassure 3 -7,46865596
reassured 2 -7,75633803
recall 1 -8,16180314
recalled 8 -6,65772574
recipients 1 -8,16180314
recognition 2 -7,75633803
recognized 1 -8,16180314
recon 1 -8,16180314
reconfirm 4 -7,24551240
reconfirmed 4 -7,24551240
refunded 1 -8,16180314
relates 1 -8,16180314
relief 1 -8,16180314
resolved 1 -8,16180314
result 1 -8,16180314
results 1 -8,16180314
revitalized 1 -8,16180314
revitalizing 1 -8,16180314
rewarding 1 -8,16180314
rica 1 -8,16180314
right 10 -6,45705504
rt 61 -4,72781593
runners 1 -8,16180314
s 1 -8,16180314
sabana 1 -8,16180314
safe 23 -5,67689649
safety 4 -7,24551240
said 1 -8,16180314
salzburg 1 -8,16180314
satisfaction 1 -8,16180314
scarf 1 -8,16180314
school 2 -7,75633803
schools 1 -8,16180314
scope 2 -7,75633803
season 1 -8,16180314
second 2 -7,75633803
see 1 -8,16180314
seeing 1 -8,16180314
selected 4 -7,24551240
sending 1 -8,16180314
sense 1 -8,16180314
serapan 2 -7,75633803
service 3 -7,46865596
services 1 -8,16180314
session 1 -8,16180314
set 1 -8,16180314
sharing 9 -6,55236522
shining 1 -8,16180314
ship 1 -8,16180314
shopperapp 1 -8,16180314
should 4 -7,24551240
shout-out 1 -8,16180314
show 1 -8,16180314
shown 3 -7,46865596
sir 1 -8,16180314
slideshare 1 -8,16180314
so 6 -6,90904017
social 2 -7,75633803
soil 1 -8,16180314
sold 8 -6,65772574
soon 2 -7,75633803
sorry 5 -7,06319085
spitalfields 1 -8,16180314
sponsor 4 -7,24551240
start 1 -8,16180314
state 2 -7,75633803
still 3 -7,46865596
students 1 -8,16180314
stuff 1 -8,16180314
subsidiary 1 -8,16180314
success 1 -8,16180314
such 1 -8,16180314
supporter 2 -7,75633803
surely 2 -7,75633803
sweat 2 -7,75633803
swing 1 -8,16180314
take 3 -7,46865596
team 14 -6,14690012
teamwork 3 -7,46865596
tell 1 -8,16180314
tests 11 -6,37004367
thailand 1 -8,16180314
than 1 -8,16180314
thank 27 -5,52274581
thanks 39 -5,16607086
thanksgiving 2 -7,75633803
that 5 -7,06319085
the 65 -4,66529557
their 4 -7,24551240
there 2 -7,75633803
they 1 -8,16180314
this 12 -6,29000096
those 1 -8,16180314
throughout 1 -8,16180314
thx 1 -8,16180314
time 2 -7,75633803
to 72 -4,56449088
today 10 -6,45705504
today's 1 -8,16180314
tomorrow 2 -7,75633803
tonight 1 -8,16180314
too 3 -7,46865596
trees 1 -8,16180314
true 1 -8,16180314
try 1 -8,16180314
tweet 1 -8,16180314
tx 2 -7,75633803
uk 1 -8,16180314
unique 1 -8,16180314
unparalleled 1 -8,16180314
up 7 -6,77550877
update 9 -6,55236522
us 11 -6,37004367
ve 2 -7,75633803
very 1 -8,16180314
visit 1 -8,16180314
voluntarily 8 -6,65772574
voluntary 1 -8,16180314
volunteer 1 -8,16180314
volunteering 3 -7,46865596
volunteerism 1 -8,16180314
volunteers 3 -7,46865596
wait 2 -7,75633803
walkers 1 -8,16180314
walls 1 -8,16180314
want 5 -7,06319085
water 8 -6,65772574
way 3 -7,46865596
we 30 -5,42096311
we're 6 -6,90904017
we've 3 -7,46865596
website 1 -8,16180314
week 1 -8,16180314
weekend 1 -8,16180314
welcome 1 -8,16180314
well 6 -6,90904017
were 1 -8,16180314
west 1 -8,16180314
what 3 -7,46865596
where 1 -8,16180314
which 2 -7,75633803
who 4 -7,24551240
will 2 -7,75633803
winner 1 -8,16180314
winners 1 -8,16180314
winning 1 -8,16180314
wish 2 -7,75633803
wishing 5 -7,06319085
with 10 -6,45705504
withdrawal 2 -7,75633803
wonderful 1 -8,16180314
work 26 -5,55911345
working 2 -7,75633803
world 2 -7,75633803
year 5 -7,06319085
year's 1 -8,16180314
yellow 1 -8,16180314
yoghurts 1 -8,16180314
you 53 -4,86596627
you're 5 -7,06319085
young 1 -8,16180314
your 10 -6,45705504
yours 1 -8,16180314
